=== Run information ===

Scheme:       weka.clusterers.SimpleKMeans -init 0 -max-candidates 100 -periodic-pruning 10000 -min-density 2.0 -t1 -1.25 -t2 -1.0 -N 30 -A "weka.core.EuclideanDistance -R first-last" -I 500 -num-slots 1 -S 10
Relation:     tfidf
Instances:    108347
Attributes:   88
              t0
              t1
              t2
              t3
              t4
              t5
              t6
              t7
              t8
              t9
              t10
              t11
              t12
              t13
              t14
              t15
              t16
              t17
              t18
              t19
              t20
              t21
              t22
              t23
              t24
              t25
              t26
              t27
              t28
              t29
              t30
              t31
              t32
              t33
              t34
              t35
              t36
              t37
              t38
              t39
              t40
              t41
              t42
              t43
              t44
              t45
              t46
              t47
              t48
              t49
              t50
              t51
              t52
              t53
              t54
              t55
              t56
              t57
              t58
              t59
              t60
              t61
              t62
              t63
              t64
              t65
              t66
              t67
              t68
              t69
              t70
              t71
              t72
              t73
              t74
              t75
              t76
              t77
              t78
              t79
              t80
              t81
              t82
              t83
              t84
              t85
              t86
              t87
Test mode:    evaluate on training data


=== Clustering model (full training set) ===


kMeans
======

Number of iterations: 99
Within cluster sum of squared errors: 955.8889932428655

Initial starting points (random):

Cluster 0: 0.002595,0,0,0,0,0,0,0,0,0,0.010558,0,0,0,0,0,0,0,0,0,0,0,0,0,0,0,0,0,0,0,0,0,0,0,0,0,0,0,0,0.009792,0,0,0,0,0,0,0,0,0,0,0,0,0,0,0,0,0,0,0,0,0,0,0,0,0,0,0,0,0,0,0,0,0,0,0,0,0,0,0,0,0,0,0,0,0,0,0,0
Cluster 1: 0.002088,0,0,0,0,0,0,0,0,0,0,0,0,0,0,0,0,0,0,0,0,0,0,0,0,0,0,0,0,0,0,0,0,0,0,0,0,0,0,0,0,0,0,0,0,0,0,0,0,0,0,0,0,0,0,0,0,0,0,0,0,0.004479,0,0,0,0,0,0,0,0,0,0,0,0,0,0,0,0,0,0,0,0,0,0,0,0,0,0
Cluster 2: 0,0,0,0,0,0,0,0,0,0,0,0,0,0,0.004179,0,0,0,0,0,0,0,0,0,0,0,0,0,0,0,0,0,0,0,0,0,0,0,0,0,0,0,0,0,0,0,0,0,0,0,0,0,0,0,0,0,0,0,0,0,0,0,0,0,0,0,0,0,0,0,0,0,0,0,0,0,0,0,0,0,0,0,0,0,0,0,0,0
Cluster 3: 0,0,0,0,0,0,0,0,0,0,0,0,0,0,0,0,0,0,0,0,0,0,0,0,0,0,0,0,0,0,0,0,0,0.014179,0,0,0,0,0,0,0,0,0,0,0,0,0,0,0,0,0,0,0,0,0,0,0,0,0,0,0,0,0,0,0,0,0,0,0,0,0,0,0,0,0,0,0,0,0,0,0,0,0,0,0,0,0,0
Cluster 4: 0,0,0,0,0,0,0,0,0,0,0.001111,0.000603,0,0,0.001114,0,0,0,0,0,0,0,0,0,0,0.000592,0,0,0,0,0,0,0,0,0,0,0,0,0,0,0,0,0,0,0,0,0,0,0,0,0,0,0,0,0,0.001372,0,0,0,0,0,0,0,0,0,0,0,0,0,0,0,0,0,0,0,0,0,0,0,0,0,0,0,0,0,0,0,0
Cluster 5: 0.000399,0,0,0,0,0,0,0,0,0,0,0,0,0,0,0,0,0,0,0,0,0,0,0,0,0,0,0,0,0,0,0,0,0,0,0,0,0,0,0,0,0,0,0,0,0,0,0,0,0,0,0,0,0,0,0,0,0,0,0,0,0,0,0,0,0,0,0,0,0,0,0,0,0,0,0,0,0.000313,0,0,0,0,0,0,0,0,0,0
Cluster 6: 0.000721,0,0,0,0,0,0,0,0,0,0,0,0,0,0,0,0,0,0,0,0,0,0,0,0,0,0,0,0,0,0,0,0,0,0,0,0,0,0,0,0,0,0,0,0,0,0,0,0,0,0,0,0,0,0,0,0,0,0,0,0,0.000442,0,0,0,0,0,0,0,0,0,0,0,0,0,0,0,0.001507,0,0,0,0,0,0,0,0,0,0
Cluster 7: 0,0,0,0,0,0,0,0,0,0,0,0,0,0,0,0,0,0,0,0,0,0,0,0,0,0,0,0,0,0,0,0,0,0,0,0,0,0,0,0,0,0,0,0,0,0,0,0,0,0,0,0,0,0,0,0,0,0,0,0,0,0,0,0,0.00745,0,0,0,0,0,0,0,0,0,0,0,0,0,0,0,0,0,0,0,0,0,0,0
Cluster 8: 0,0,0,0,0,0,0,0,0,0,0,0,0,0,0,0,0,0,0,0,0,0,0,0,0,0,0,0,0,0,0,0,0,0,0,0,0,0,0,0,0,0,0,0,0,0,0,0,0,0,0,0,0,0,0,0,0,0,0,0,0,0.001301,0,0,0,0,0,0,0,0,0,0,0,0,0,0,0,0,0,0,0,0,0,0,0,0,0,0
Cluster 9: 0.00084,0,0,0,0,0,0,0,0,0,0,0,0,0,0,0,0,0,0,0,0,0,0,0,0,0,0,0,0,0,0,0,0,0,0,0,0,0,0,0,0,0,0,0,0,0,0,0,0,0,0,0,0,0,0,0,0,0,0,0,0,0,0,0,0,0,0,0,0,0,0,0,0,0,0,0,0,0,0,0,0,0,0,0,0,0,0,0
Cluster 10: 0.000728,0,0,0,0,0,0,0,0,0,0.000042,0,0,0,0,0,0,0,0,0,0,0,0,0,0,0,0,0,0,0,0,0,0,0,0,0,0,0,0,0,0,0,0,0,0,0,0,0,0,0,0,0,0,0,0,0.000039,0,0,0,0,0,0,0,0,0.000126,0,0,0,0,0,0,0,0,0,0,0,0,0.002891,0.000396,0,0,0,0,0,0.0002,0,0,0
Cluster 11: 0,0,0,0,0,0,0,0,0,0,0.003824,0,0,0,0.001644,0,0,0,0,0,0.005355,0,0,0,0,0.000873,0,0,0.002917,0,0,0,0,0,0,0,0,0,0,0.002027,0,0,0,0,0,0,0,0,0,0,0,0,0,0,0,0,0,0,0,0,0,0,0,0,0,0,0,0,0,0,0,0,0,0,0,0,0,0,0,0,0,0,0,0,0,0,0,0
Cluster 12: 0,0,0,0,0,0,0,0,0,0,0,0,0,0,0,0,0,0,0,0,0,0,0,0,0,0,0,0,0,0,0,0,0,0,0,0,0,0,0,0,0,0,0,0,0,0,0,0,0,0,0,0,0,0,0,0,0,0,0,0,0,0.015144,0,0,0,0,0,0,0,0,0,0,0,0,0,0,0,0,0,0,0,0,0,0,0,0,0,0
Cluster 13: 0.000344,0,0,0,0,0,0,0,0,0,0,0,0,0,0,0,0,0,0,0,0,0,0,0,0,0,0,0,0,0,0,0,0,0,0,0,0,0,0,0,0,0,0,0,0,0,0,0,0,0,0,0,0,0,0,0,0,0,0,0,0,0,0,0,0,0,0,0,0,0,0,0,0,0,0,0,0,0.004314,0,0,0,0,0,0,0,0,0,0
Cluster 14: 0,0,0,0,0,0,0,0,0,0,0.000758,0,0,0,0,0,0,0,0,0,0,0,0,0,0,0,0,0,0,0,0,0,0,0,0,0,0,0,0,0,0,0,0,0,0,0,0,0,0,0,0,0,0,0,0,0,0,0,0,0,0,0,0,0,0,0,0,0,0,0,0,0,0,0,0,0,0,0,0,0,0,0,0,0,0,0,0,0
Cluster 15: 0.000507,0,0,0,0,0,0,0,0,0,0,0,0,0,0,0,0,0,0,0,0,0,0,0,0,0,0,0,0,0,0,0,0,0,0,0,0,0,0,0,0,0,0,0,0,0,0,0,0,0,0,0,0,0,0,0,0,0,0,0,0,0,0,0,0,0,0,0,0,0,0,0,0,0,0,0,0,0,0,0,0,0,0,0,0,0,0,0
Cluster 16: 0.000948,0,0,0,0,0,0,0,0,0,0,0,0,0,0,0,0,0,0,0,0,0,0,0,0,0,0,0,0,0,0,0,0,0,0,0,0,0,0,0,0,0,0,0,0,0,0,0,0,0,0,0,0,0,0,0,0,0,0,0,0,0,0,0,0,0,0,0,0,0,0,0,0,0,0,0,0,0,0,0,0,0,0,0,0,0,0,0
Cluster 17: 0,0,0,0,0,0,0,0,0,0,0,0,0,0,0,0,0,0,0,0,0,0,0,0,0,0,0,0,0,0,0,0,0,0,0,0,0,0,0,0,0,0,0,0,0,0,0,0,0,0,0,0,0,0,0,0,0,0,0,0,0,0,0,0,0,0,0,0,0,0,0,0,0,0,0,0,0,0.000304,0,0,0,0,0,0,0,0,0,0
Cluster 18: 0.000686,0,0,0,0,0,0,0,0,0,0,0,0,0,0,0,0,0,0,0,0,0,0,0,0,0,0,0,0,0,0,0,0,0,0,0,0,0,0,0,0,0,0,0,0,0,0,0,0,0,0,0,0,0,0,0,0,0,0,0,0,0,0,0,0,0,0,0,0,0,0,0,0,0,0,0,0,0,0,0,0,0,0,0,0,0,0,0
Cluster 19: 0.000107,0,0,0,0,0,0,0.000078,0,0,0.00029,0,0,0,0,0,0,0,0,0,0,0,0,0,0,0.000116,0,0,0,0,0,0.000306,0,0,0,0,0,0,0,0,0,0,0,0,0,0,0,0,0,0,0,0,0,0,0,0.000269,0,0,0,0,0,0,0,0,0,0,0,0,0,0,0,0,0,0,0,0,0,0.000075,0,0,0,0,0,0,0,0,0,0
Cluster 20: 0,0,0.010428,0,0,0,0,0,0,0,0,0,0,0,0,0,0,0,0,0,0,0,0,0,0,0,0,0,0,0,0,0,0,0,0,0,0,0,0,0,0,0,0,0,0,0,0,0,0,0,0,0,0,0,0,0,0,0,0,0,0,0,0,0,0,0,0,0,0,0,0,0,0,0,0,0,0,0,0,0,0,0,0,0,0,0,0,0
Cluster 21: 0,0,0,0,0,0,0,0,0,0,0,0,0,0,0,0,0,0,0,0,0,0,0,0,0,0,0,0,0,0,0,0,0,0,0,0,0,0,0,0,0,0,0,0,0,0,0,0,0,0,0,0,0,0,0,0,0,0,0,0,0,0.003065,0,0,0,0,0,0,0,0,0,0,0,0,0,0,0,0,0,0,0,0,0,0,0,0,0,0
Cluster 22: 0,0,0,0,0,0,0,0,0,0,0,0,0,0,0,0,0,0,0,0,0,0,0,0,0,0,0,0,0,0,0,0,0,0,0,0,0,0,0,0,0,0,0,0,0,0,0,0,0,0,0,0,0,0,0,0,0,0,0,0,0,0,0,0,0,0,0,0,0,0,0,0,0,0,0,0,0,0.001758,0,0,0,0,0,0,0,0,0,0
Cluster 23: 0,0,0,0,0,0,0,0,0,0,0,0,0,0,0,0,0,0,0,0,0,0,0,0,0,0,0,0,0,0,0,0,0,0,0,0,0,0,0,0,0,0,0,0,0,0,0,0,0,0,0,0,0,0,0,0,0,0,0,0,0,0,0,0,0,0,0,0,0,0,0,0,0,0,0,0,0,0.017782,0,0,0,0,0,0,0,0,0,0
Cluster 24: 0.00173,0,0,0,0,0,0,0,0,0,0,0,0,0,0,0,0,0,0,0,0,0,0,0,0,0.001731,0,0,0,0,0,0,0,0,0,0,0,0,0,0,0,0,0,0,0,0,0,0,0,0,0,0,0,0,0,0,0,0,0,0,0,0,0,0,0,0,0,0,0,0,0,0,0,0,0,0,0,0.008615,0,0,0,0,0,0,0,0,0,0
Cluster 25: 0.000252,0,0,0,0,0,0,0,0,0,0,0,0,0,0,0,0,0,0,0,0,0,0,0,0,0,0,0,0,0,0,0,0,0,0,0,0,0,0,0,0,0,0,0,0,0,0,0,0,0,0,0,0,0,0,0,0,0,0,0,0,0,0,0,0,0,0,0,0,0,0,0,0,0,0,0,0,0,0,0,0,0,0,0,0,0,0,0
Cluster 26: 0,0,0,0,0,0,0,0,0,0,0.007285,0.002637,0,0,0.001624,0,0,0,0,0,0,0,0,0,0,0,0,0,0,0,0,0,0,0,0,0,0,0,0,0.003003,0,0,0,0,0,0,0,0,0,0,0,0,0,0,0,0,0,0,0,0,0,0,0,0,0,0,0,0,0.005632,0,0,0,0,0,0,0,0,0,0,0,0,0,0,0,0,0,0,0
Cluster 27: 0,0,0,0,0,0,0,0,0,0,0,0,0,0,0,0,0,0,0,0,0,0,0,0,0,0,0,0,0,0,0,0,0,0,0,0,0,0,0,0,0,0,0,0,0,0,0,0,0,0,0,0,0,0,0,0,0,0,0,0,0,0,0,0,0,0,0,0,0,0,0,0,0,0,0,0,0.001218,0,0,0,0,0,0,0,0,0,0,0
Cluster 28: 0,0,0,0.000864,0,0,0,0,0,0,0,0,0,0,0.002201,0,0,0,0,0,0,0,0,0,0,0,0,0,0.001758,0,0,0,0,0,0,0,0,0,0,0,0,0,0,0,0,0,0,0,0,0,0,0,0,0,0,0,0,0,0,0,0,0,0,0,0,0,0,0,0.001527,0,0.00247,0,0,0,0,0,0,0,0,0,0,0,0,0,0,0,0,0
Cluster 29: 0.000401,0,0,0,0,0,0,0,0,0,0,0,0,0,0,0,0,0,0,0,0,0,0,0,0,0,0,0,0,0,0,0,0,0,0,0,0,0,0,0,0,0,0,0,0,0,0,0,0,0,0,0,0,0,0,0,0,0,0,0,0,0,0,0,0,0,0,0,0,0,0,0,0,0,0,0,0,0.00251,0,0,0,0,0,0,0,0,0,0

Missing values globally replaced with mean/mode

Final cluster centroids:
                       Cluster#
Attribute   Full Data         0         1         2         3         4         5         6         7         8         9        10        11        12        13        14        15        16        17        18        19        20        21        22        23        24        25        26        27        28        29
           (108347.0)   (212.0)   (450.0)   (836.0)   (840.0)   (110.0) (18058.0)  (3986.0)   (950.0)   (324.0)  (4237.0)   (643.0)   (348.0)   (291.0)   (435.0)  (1908.0)   (230.0)  (2210.0)   (768.0)  (7886.0)   (296.0)   (137.0)   (909.0)  (4749.0)    (58.0)   (750.0) (55254.0)   (310.0)   (118.0)   (388.0)   (656.0)
=================================================================================================================================================================================================================================================================================================================================
t0             0.0004    0.0091    0.0015    0.0001    0.0001         0    0.0005    0.0001    0.0002    0.0001     0.002    0.0003    0.0003    0.0002    0.0002    0.0001    0.0002    0.0033    0.0002    0.0011    0.0001    0.0002    0.0001    0.0001         0    0.0052         0    0.0001         0         0    0.0001
t1                  0         0         0         0         0    0.0003         0    0.0001         0    0.0004         0         0    0.0019         0    0.0001         0         0         0         0         0         0         0         0         0         0         0         0    0.0002         0         0         0
t2             0.0003         0    0.0004    0.0001    0.0003    0.0015    0.0001    0.0001    0.0001    0.0001    0.0001         0    0.0041         0    0.0001    0.0005         0         0    0.0001    0.0001    0.0002    0.0276    0.0004         0         0         0    0.0003    0.0011         0    0.0002    0.0015
t3             0.0002         0    0.0001    0.0002    0.0003    0.0025    0.0001    0.0002         0         0    0.0001    0.0002         0    0.0002         0    0.0004         0         0    0.0017         0    0.0001         0    0.0003    0.0001         0         0    0.0002    0.0027         0     0.022    0.0007
t4                  0         0         0         0         0         0         0         0         0         0         0         0         0         0         0         0         0         0         0         0         0         0         0         0         0         0         0         0         0         0         0
t5                  0         0         0         0         0    0.0121         0         0         0         0         0         0         0         0         0         0         0         0    0.0029         0         0         0         0         0         0         0         0         0         0         0         0
t6                  0         0         0         0         0         0         0         0         0         0         0         0         0         0         0         0         0         0         0         0         0         0         0         0         0         0         0         0         0         0         0
t7             0.0002         0         0         0    0.0002         0    0.0001    0.0002    0.0001    0.0013         0         0    0.0017    0.0004    0.0003    0.0001    0.0001         0    0.0001    0.0001    0.0002    0.0017    0.0004         0    0.0002         0    0.0003         0         0         0         0
t8                  0         0         0         0         0         0         0         0         0     0.001         0         0         0         0         0         0         0         0         0         0         0         0         0         0         0         0         0         0         0         0         0
t9                  0         0         0    0.0003    0.0004         0         0         0         0         0         0         0         0         0    0.0003         0         0         0         0         0         0         0         0         0         0         0         0    0.0017         0    0.0001         0
t10            0.0009         0    0.0004    0.0029    0.0015    0.0072    0.0003    0.0006    0.0002     0.001    0.0003    0.0002    0.0006    0.0013    0.0004    0.0188    0.0002    0.0004    0.0016    0.0004    0.0002    0.0006    0.0009    0.0001         0    0.0008    0.0006    0.0214         0    0.0061    0.0007
t11            0.0002         0    0.0001    0.0002    0.0007    0.0018    0.0001    0.0002    0.0001    0.0003    0.0001    0.0001    0.0001    0.0001         0     0.002    0.0001    0.0001    0.0006    0.0001         0    0.0003    0.0002         0         0         0    0.0001    0.0151         0    0.0051    0.0007
t12                 0         0         0         0         0         0         0         0         0         0         0         0         0         0         0         0         0         0         0         0         0         0         0         0         0         0         0         0         0         0         0
t13                 0         0         0         0         0         0         0         0         0         0         0         0         0         0         0         0         0         0         0         0         0         0         0         0         0         0         0         0         0         0         0
t14            0.0012         0    0.0002    0.0443    0.0023    0.0031    0.0003    0.0007    0.0006         0    0.0003         0    0.0001    0.0001         0     0.002    0.0005    0.0001    0.0008    0.0004         0         0    0.0007    0.0002         0         0    0.0011    0.0071         0    0.0142    0.0008
t15                 0         0         0         0         0         0         0         0         0         0         0         0         0         0         0    0.0003         0         0         0         0         0         0    0.0002         0         0         0         0    0.0014         0         0         0
t16                 0         0         0         0         0         0         0         0         0         0         0         0    0.0001         0         0         0         0         0         0         0         0         0         0         0         0         0         0         0         0     0.003         0
t17                 0         0         0         0         0         0         0         0         0         0         0         0         0         0         0         0         0         0         0         0         0         0         0         0         0         0         0    0.0009         0         0         0
t18            0.0001         0    0.0002    0.0001         0         0         0         0         0         0    0.0001    0.0001    0.0002         0         0    0.0004    0.0002    0.0001    0.0001    0.0001    0.0001    0.0003    0.0002         0         0         0         0    0.0136         0    0.0004    0.0008
t19            0.0001         0    0.0004    0.0012    0.0001         0         0         0         0         0         0         0         0         0         0    0.0002         0    0.0001         0         0         0         0    0.0002         0         0         0    0.0001    0.0081         0     0.002    0.0001
t20            0.0002         0    0.0003         0    0.0001    0.0021    0.0001    0.0002    0.0001    0.0001    0.0001         0    0.0002    0.0058         0    0.0012         0         0    0.0005    0.0001         0    0.0003    0.0008         0         0         0    0.0001    0.0247         0         0    0.0002
t21                 0         0         0         0         0         0         0    0.0002    0.0001         0         0         0         0         0         0         0         0         0         0         0         0         0         0         0         0         0         0         0         0    0.0002    0.0009
t22                 0         0         0    0.0001         0    0.0005         0         0         0         0         0         0         0         0         0    0.0002         0         0         0         0         0         0         0         0         0         0         0    0.0004         0    0.0016         0
t23                 0         0         0         0         0    0.0011         0         0         0         0         0         0    0.0014         0         0    0.0001         0         0         0         0         0    0.0221         0         0         0         0         0    0.0002         0    0.0001         0
t24                 0         0         0    0.0002         0         0         0         0         0         0         0         0         0         0         0         0         0    0.0001         0         0         0         0         0         0         0         0         0         0         0         0         0
t25            0.0002         0    0.0002         0    0.0003         0    0.0002    0.0003    0.0001    0.0011         0         0    0.0004    0.0002    0.0002    0.0001    0.0002    0.0001    0.0001    0.0002    0.0002    0.0006    0.0004    0.0001         0         0    0.0002         0         0         0         0
t26                 0         0         0         0         0         0         0         0         0         0         0         0         0         0         0         0         0         0         0         0         0         0         0         0         0         0         0         0         0         0         0
t27                 0         0         0         0         0         0         0         0         0         0         0         0         0         0         0         0         0         0         0         0         0         0         0         0         0         0         0         0         0         0         0
t28            0.0001         0    0.0002    0.0001         0         0         0    0.0002         0         0         0         0    0.0134         0    0.0001         0    0.0001         0         0         0         0    0.0001    0.0001         0         0         0         0         0         0         0    0.0001
t29                 0         0         0         0         0         0         0         0         0    0.0065         0         0         0    0.0001         0         0         0         0         0         0         0         0         0         0         0         0         0         0         0         0         0
t30                 0         0         0         0         0         0         0         0         0    0.0001         0         0         0         0         0         0    0.0008         0         0         0         0         0         0         0         0         0         0         0         0         0         0
t31                 0         0         0         0    0.0001         0         0         0         0    0.0001         0         0         0         0         0         0    0.0002         0         0         0    0.0086         0         0         0         0         0         0         0         0         0    0.0001
t32                 0         0         0         0         0         0         0         0         0         0         0         0         0         0    0.0004         0     0.009         0         0         0         0         0         0         0         0         0         0         0         0         0         0
t33            0.0002         0         0    0.0003    0.0115         0         0    0.0001    0.0003    0.0004         0    0.0001    0.0006    0.0001         0         0         0         0         0         0    0.0004         0         0         0    0.0003         0    0.0001    0.0001         0    0.0002    0.0009
t34                 0         0         0         0         0         0         0         0         0         0         0         0         0         0         0         0         0         0         0         0         0         0         0         0         0         0         0         0         0         0         0
t35                 0         0         0         0    0.0002         0         0         0    0.0001         0         0         0    0.0001    0.0007         0         0         0         0         0         0         0         0    0.0005         0         0         0         0    0.0002         0    0.0002    0.0001
t36                 0         0         0         0         0         0         0         0         0         0         0         0         0         0         0         0         0         0         0         0         0         0         0         0         0         0         0         0         0         0         0
t37                 0         0         0         0    0.0001         0         0         0         0         0         0         0         0         0         0         0         0         0         0         0         0         0         0         0         0         0         0         0         0         0         0
t38                 0         0         0         0         0    0.0059         0         0         0         0         0         0         0         0         0         0         0         0    0.0014         0         0         0         0         0         0         0         0         0         0         0         0
t39            0.0002         0    0.0001    0.0007    0.0008    0.0011         0    0.0002    0.0001    0.0001    0.0001    0.0001    0.0002    0.0003         0    0.0039    0.0002    0.0001    0.0001    0.0001    0.0001    0.0002    0.0002         0         0    0.0002    0.0001    0.0041         0    0.0016    0.0001
t40                 0         0         0         0         0         0         0         0         0         0         0         0         0         0         0         0         0         0         0         0         0         0         0         0         0         0         0         0         0         0         0
t41                 0         0         0    0.0001         0         0         0         0         0         0         0         0         0         0         0         0         0         0         0         0         0         0         0         0         0         0         0         0         0         0         0
t42                 0         0         0         0         0         0         0         0         0         0         0         0         0         0         0         0         0         0         0         0         0         0         0         0         0         0         0         0         0         0         0
t43            0.0001         0         0    0.0002    0.0004    0.0014         0         0         0         0         0         0         0         0         0    0.0004         0         0         0         0         0         0         0         0         0         0         0    0.0015         0    0.0143         0
t44                 0         0         0         0         0    0.0003         0    0.0001         0    0.0002         0         0    0.0019         0    0.0001         0         0         0         0         0         0         0         0         0         0         0         0    0.0002         0         0         0
t45            0.0001         0    0.0003         0    0.0001    0.0002         0    0.0001    0.0001         0    0.0001         0    0.0018         0         0    0.0003         0         0         0    0.0001    0.0001         0    0.0001         0         0         0    0.0001    0.0004         0    0.0001    0.0001
t46                 0         0         0         0         0         0         0    0.0002    0.0001         0         0         0         0         0         0         0         0         0         0         0         0         0         0         0         0         0         0         0         0    0.0002    0.0009
t47                 0         0         0         0         0         0         0         0         0         0         0         0         0         0         0         0         0         0         0         0         0         0         0         0         0         0         0         0         0         0         0
t48                 0         0         0         0         0         0         0         0         0         0         0         0    0.0033         0         0         0         0         0         0         0         0         0         0         0         0         0         0         0         0         0         0
t49                 0         0         0         0         0         0         0         0         0         0         0         0         0         0         0         0         0         0         0         0         0         0         0         0         0         0         0         0         0         0         0
t50                 0         0         0         0         0         0         0         0         0         0         0         0         0         0         0         0         0         0         0         0         0         0         0         0         0         0         0         0         0         0         0
t51                 0         0    0.0001         0         0         0         0         0         0    0.0003         0    0.0001         0         0         0    0.0003    0.0001         0    0.0001         0         0         0    0.0001         0         0         0         0    0.0046         0         0    0.0001
t52                 0         0         0         0    0.0002         0         0         0         0         0         0    0.0009         0         0         0         0         0    0.0001    0.0002         0         0         0         0         0         0         0         0    0.0001         0         0         0
t53                 0         0    0.0001         0    0.0001    0.0027         0         0         0         0         0         0    0.0007         0         0    0.0001         0         0    0.0008         0         0    0.0001         0         0         0         0         0    0.0002         0         0    0.0001
t54                 0         0         0         0         0         0         0         0         0         0         0         0         0    0.0001         0         0         0         0         0         0         0         0         0         0         0         0    0.0001         0         0         0         0
t55            0.0002         0    0.0003    0.0001         0    0.0032         0    0.0002         0    0.0002    0.0001    0.0001         0         0         0    0.0026    0.0001         0    0.0006    0.0001         0    0.0004    0.0002         0         0         0    0.0001    0.0062         0         0    0.0001
t56                 0         0         0         0         0         0         0         0         0         0         0         0         0         0         0         0         0         0         0         0         0         0         0         0         0         0         0         0         0         0         0
t57                 0         0         0         0         0         0         0         0         0         0         0         0         0         0         0         0         0         0         0         0         0         0         0         0         0         0         0    0.0005         0         0         0
t58                 0         0         0         0         0         0         0         0         0         0         0         0         0         0         0         0         0         0         0         0         0         0         0         0         0         0         0         0         0         0         0
t59                 0         0         0         0         0         0         0         0         0         0         0         0         0         0         0         0         0         0         0         0         0         0         0         0         0         0         0         0         0         0         0
t60            0.0002         0    0.0003    0.0001    0.0006         0    0.0001    0.0002     0.008    0.0002    0.0001         0         0    0.0001    0.0001    0.0001    0.0002    0.0001         0    0.0001    0.0002         0    0.0005    0.0001         0         0    0.0001    0.0001         0    0.0002    0.0005
t61            0.0003         0    0.0037    0.0001    0.0008         0         0    0.0024         0     0.001    0.0001         0    0.0013    0.0175    0.0001         0    0.0003    0.0001    0.0001    0.0001    0.0001         0    0.0078         0         0         0    0.0001    0.0003         0    0.0003    0.0006
t62                 0         0         0         0         0         0         0         0         0         0         0         0         0    0.0018         0         0         0         0         0         0         0         0         0         0         0         0         0         0         0         0         0
t63                 0         0         0         0         0         0         0    0.0003         0         0         0         0         0    0.0002         0         0         0         0         0         0         0         0    0.0014         0         0         0         0         0         0         0         0
t64            0.0002         0    0.0002         0    0.0002         0    0.0001    0.0004    0.0005     0.001    0.0001    0.0001         0         0    0.0001         0    0.0002    0.0002         0    0.0004         0    0.0009    0.0003    0.0001         0    0.0001    0.0002    0.0004         0         0    0.0002
t65                 0         0         0         0    0.0002         0         0         0         0         0         0         0         0         0         0         0         0         0         0         0         0         0         0         0         0         0         0         0         0         0         0
t66                 0         0         0         0         0         0         0    0.0001         0         0         0         0         0         0         0         0         0         0         0         0         0         0         0         0         0         0         0         0         0         0         0
t67                 0         0         0         0         0         0         0         0         0         0         0         0         0         0         0         0         0         0         0         0         0         0         0         0         0         0         0         0         0         0         0
t68            0.0001         0         0         0    0.0004         0    0.0001    0.0001    0.0001    0.0002         0         0    0.0001    0.0001         0    0.0001         0         0    0.0013    0.0001    0.0006         0    0.0006    0.0001         0         0    0.0002    0.0003         0    0.0006    0.0001
t69                 0         0         0         0    0.0002         0         0         0         0         0         0    0.0001         0         0         0         0         0         0    0.0012         0         0         0         0         0         0         0         0         0         0         0         0
t70                 0         0         0         0         0         0         0    0.0001         0         0         0         0         0         0         0         0         0         0         0         0    0.0001         0    0.0007         0         0         0         0         0         0    0.0005         0
t71                 0         0         0         0         0         0         0         0         0         0         0         0         0         0         0         0         0         0         0         0         0         0         0         0         0         0         0         0         0         0         0
t72                 0         0         0         0         0         0         0         0         0         0         0         0         0         0         0         0         0         0         0         0         0         0         0         0         0         0         0         0         0         0         0
t73                 0         0         0         0         0         0         0         0         0         0         0         0         0         0         0         0         0         0         0         0         0         0         0         0         0         0         0         0         0         0         0
t74                 0         0         0         0         0         0         0         0         0         0         0         0         0         0         0         0         0         0         0         0         0         0         0         0         0         0         0         0         0         0         0
t75                 0         0         0         0         0         0         0         0         0         0         0         0         0         0         0         0         0         0         0         0         0         0         0         0         0         0         0         0         0         0         0
t76            0.0004    0.0001         0         0         0         0         0    0.0002    0.0001         0         0         0         0         0         0         0         0         0         0         0         0         0    0.0004    0.0001    0.0011    0.0003    0.0004    0.0004    0.1233    0.0001    0.0023
t77            0.0008    0.0008    0.0006         0    0.0001         0    0.0003    0.0002    0.0001    0.0002    0.0008     0.027    0.0008         0    0.0114    0.0001         0    0.0008    0.0003    0.0007    0.0004    0.0002    0.0001    0.0055    0.0747    0.0016    0.0002    0.0003         0    0.0002    0.0061
t78            0.0001         0         0         0         0         0         0         0         0         0         0    0.0025         0         0     0.004         0         0         0         0         0         0         0         0    0.0007    0.0098         0         0         0         0         0    0.0001
t79                 0         0         0         0         0         0         0         0         0         0         0         0         0         0         0         0         0         0         0         0         0         0         0         0         0         0         0         0         0         0         0
t80                 0         0         0         0         0         0         0         0         0         0         0         0         0         0         0         0         0         0         0         0         0         0         0         0         0         0         0         0         0         0         0
t81                 0         0         0         0         0         0         0         0         0         0         0         0         0         0         0         0         0         0         0         0         0         0         0         0         0         0         0         0         0    0.0001    0.0004
t82                 0         0         0         0         0         0         0         0         0         0         0         0         0         0         0         0         0         0         0         0         0         0         0         0         0         0         0         0         0    0.0008         0
t83            0.0001         0    0.0001         0         0         0         0    0.0001         0         0         0    0.0002         0         0         0         0         0         0    0.0002         0    0.0001         0         0    0.0002    0.0143         0         0    0.0002         0         0    0.0061
t84            0.0001         0         0         0         0         0         0         0         0         0         0    0.0012         0         0    0.0041         0         0         0         0         0         0         0         0    0.0006     0.008         0         0         0         0         0    0.0001
t85                 0         0         0         0         0         0         0         0         0         0         0         0         0         0    0.0009         0         0         0         0         0         0         0         0         0    0.0005         0         0         0         0         0         0
t86                 0         0         0         0         0         0         0         0         0         0         0         0         0         0    0.0015         0         0         0         0         0         0         0         0         0    0.0004         0         0         0         0         0         0
t87                 0         0         0         0         0         0         0         0         0         0         0         0         0         0         0         0         0         0         0         0         0         0         0         0         0         0         0         0         0         0         0




Time taken to build model (full training data) : 90.92 seconds

=== Model and evaluation on training set ===

Clustered Instances

 0         212 (  0%)
 1         450 (  0%)
 2         836 (  1%)
 3         840 (  1%)
 4         110 (  0%)
 5       18058 ( 17%)
 6        3986 (  4%)
 7         950 (  1%)
 8         324 (  0%)
 9        4237 (  4%)
10         643 (  1%)
11         348 (  0%)
12         291 (  0%)
13         435 (  0%)
14        1908 (  2%)
15         230 (  0%)
16        2210 (  2%)
17         768 (  1%)
18        7886 (  7%)
19         296 (  0%)
20         137 (  0%)
21         909 (  1%)
22        4749 (  4%)
23          58 (  0%)
24         750 (  1%)
25       55254 ( 51%)
26         310 (  0%)
27         118 (  0%)
28         388 (  0%)
29         656 (  1%)


