type of lock
  1 143 151 193
lock var
  23 44 66 94 102 112
add sync
  7 23 32 44 47 48 49 66 77 101 107 109 112 176
remove sync
  5 6 13 22 29 38 40 43 49 62 67 99 102 110 117 149 150 162 173 194
//release lock
//  79
add volatile
  35 41 64 100 103 104 106 111 116 123 125 132 135 140 149 158 159 160 163 164 167 170 171(double check) 174 177 187 189 190(dc) 
  193 194 196 197 198 200
remove volatile
  27 31 33 37 112 113 114 122 141 142 152 169
class replace
  16 20 146
thread-safe class
  19 26 28 20 30 34 42 45 53 58 59 60 61 68 74 75 76 82 95 108 115 127 136 141 142 150 152 172 175
thread resource manage
  18 79 138 155
thread sleep wait notify
  63 64 119 120 157
final multiple threads
  97 153

contrary 95
find bug 149 150 151 152 189(complain)