24095 1
24105 1
24106 4
24107 4
24108 1
24115 2
24118 1
24119 1
24120 1
24121 1
24122 1
24123 1
24130 1
24134 3
24135 2
24137 1
24138 1
24139 1
24140 2
24141 5
24143 2
24144 3
24145 5
24147 1
24148 1
24149 25
24150 7
24152 1
24153 2
24154 2
24157 2
24159 1
24160 1
24161 2
24162 4
24164 3
24165 4
24167 4
24168 6
24169 3
24170 2
24171 2
24174 2
24175 10
24176 10
24177 7
24180 1
24181 4
24183 9
24184 2
24185 2
24186 2
24187 3
24188 3
24189 2
24190 1
24191 2
24193 2
24194 1
24196 1
24197 1
24200 1
24202 5
24203 2
24204 1
24205 1
