24079 2
24080 1
24082 4
24085 1
24095 34
24104 4
24105 21
24106 6
24107 21
24108 8
24109 4
24110 31
24111 24
24112 24
24113 14
24114 6
24115 20
24116 23
24117 4
24118 15
24119 4
24120 5
24121 7
24122 11
24123 38
24124 4
24125 7
24126 1
24127 24
24128 4
24129 80
24130 5
24131 12
24132 6
24133 14
24134 3
24136 23
24137 10
24138 7
24139 11
24140 17
24141 18
24142 15
24143 12
24144 29
24145 14
24146 42
24147 28
24148 17
24149 59
24150 58
24151 51
24152 25
24153 13
24154 10
24155 31
24156 28
24157 28
24158 39
24159 36
24160 43
24161 50
24162 28
24163 25
24164 21
24165 35
24166 20
24167 18
24168 40
24169 6
24170 13
24171 30
24172 23
24173 15
24174 53
24175 101
24176 17
24177 34
24178 41
24179 25
24180 14
24181 29
24182 34
24183 31
24184 16
24185 37
24186 21
24187 16
24188 64
24189 39
24190 52
24191 12
24192 12
24193 14
24194 59
24195 19
24196 43
24197 25
24198 22
24199 24
24200 85
24201 22
24202 15
24203 18
24204 30
