24075 1
24079 2
24080 6
24082 23
24086 12
24088 10
24089 4
24090 5
24091 1
24092 1
24095 22
24097 8
24100 6
24101 7
24102 2
24104 10
24105 9
24106 2
24107 14
24108 23
24109 8
24110 26
24111 26
24112 25
24113 19
24114 17
24115 55
24116 20
24117 14
24118 6
24119 43
24120 17
24121 60
24122 52
24123 39
24124 21
24125 62
24126 23
24127 24
24128 26
24129 46
24130 23
24131 3
24132 27
24133 48
24134 19
24135 27
24136 54
24137 42
24138 84
24139 43
24140 34
24141 77
24142 114
24143 37
24144 59
24145 43
24146 80
24147 60
24148 39
24149 88
24150 58
24151 91
24152 73
24153 58
24154 37
24155 26
24156 48
24157 71
24158 41
24159 60
24160 34
24161 30
24162 40
24163 33
24164 26
24165 35
24166 22
24167 35
24168 23
24169 30
24170 32
24171 124
24172 18
24173 46
24174 33
24175 51
24176 37
24177 48
24178 23
24179 107
24180 39
24181 53
24182 27
24183 46
24184 78
24185 46
24186 32
24187 36
24188 41
24189 6
24190 15
24191 58
24192 26
24193 27
24194 47
24195 24
24196 27
24197 24
24198 37
24199 30
24200 50
24201 55
24202 26
24203 36
24204 37
