24073 2
24078 4
24079 2
24080 22
24082 22
24086 8
24087 6
24088 22
24089 8
24090 3
24093 4
24095 5
24097 8
24098 6
24101 12
24103 4
24104 22
24105 6
24106 10
24107 14
24108 14
24109 10
24110 14
24111 60
24112 10
24113 8
24114 8
24115 38
24116 3
24117 2
24118 15
24119 56
24120 25
24121 62
24122 10
24123 29
24124 8
24125 41
24126 8
24127 17
24128 14
24129 23
24130 13
24131 2
24132 30
24133 14
24134 10
24135 30
24136 37
24137 21
24138 52
24139 35
24140 55
24141 32
24142 15
24143 37
24144 28
24145 42
24146 43
24147 36
24148 21
24149 49
24150 25
24151 70
24152 24
24153 12
24154 21
24155 10
24156 33
24157 19
24158 28
24159 44
24160 22
24161 26
24162 28
24163 14
24164 12
24165 20
24166 8
24167 27
24168 48
24169 20
24170 18
24171 44
24172 18
24173 39
24174 29
24175 43
24176 14
24177 52
24178 18
24179 14
24180 39
24181 26
24182 48
24183 40
24184 10
24185 61
24186 21
24187 24
24188 21
24189 18
24190 25
24191 28
24192 14
24193 34
24194 13
24195 22
24196 30
24197 26
24198 25
24199 32
24200 25
24201 34
24202 26
24203 53
24204 18
