24115 10
24116 2
24117 1
24119 1
24121 4
24122 2
24123 1
24124 2
24125 10
24126 7
24127 2
24129 1
24130 16
24131 3
24132 4
24133 2
24134 5
24135 8
24136 6
24137 1
24138 2
24139 6
24140 14
24141 19
24143 3
24144 3
24146 3
24148 5
24150 2
24152 3
24154 1
24155 1
24157 3
24159 3
24160 3
24161 1
24162 4
24164 1
24165 1
24166 1
24169 5
24171 4
24172 1
24173 1
24174 2
24175 1
24176 2
24177 2
24178 1
24180 1
24184 4
24185 1
24186 2
24187 1
24188 1
24189 3
24193 1
24195 1
24197 4
24199 4
24201 2
24203 7
24204 2
