24120 1
24123 7
24124 1
24126 2
24128 1
24129 1
24130 5
24132 2
24134 3
24138 1
24139 5
24140 3
24141 2
24142 4
24143 13
24144 5
24145 13
24146 9
24147 3
24148 2
24150 7
24151 8
24152 6
24153 5
24154 7
24155 9
24156 2
24157 2
24158 1
24161 2
24162 2
24163 2
24164 7
24165 2
24166 2
24167 6
24168 6
24169 3
24170 5
24171 11
24174 8
24175 27
24176 1
24177 34
24178 4
24179 2
24180 20
24181 5
24182 3
24183 5
24185 5
24186 1
24187 4
24188 2
24189 2
24190 4
24191 1
24193 1
24194 2
24195 1
24196 1
24197 2
24198 1
24199 6
24200 5
24201 2
24202 5
24203 4
24204 5
