24087 4
24088 3
24089 7
24090 4
24095 21
24104 2
24106 2
24107 15
24108 11
24112 3
24113 1
24114 6
24115 2
24118 3
24120 1
24123 8
24128 4
24129 8
24130 4
24132 6
24133 7
24135 11
24136 14
24137 23
24138 10
24139 10
24140 3
24141 8
24142 18
24143 4
24144 22
24145 15
24146 14
24147 18
24148 19
24149 35
24150 36
24151 14
24152 10
24153 6
24154 8
24155 23
24156 17
24157 37
24158 38
24159 25
24160 4
24161 56
24162 58
24163 9
24164 1
24165 10
24166 2
24167 3
24168 8
24169 11
24170 18
24171 22
24172 4
24173 25
24174 13
24175 36
24176 16
24177 37
24178 2
24179 20
24180 27
24181 17
24182 6
24183 10
24184 23
24185 24
24186 23
24187 14
24188 45
24189 12
24190 6
24191 21
24192 17
24193 3
24194 31
24195 22
24196 33
24197 45
24198 31
24199 6
24200 23
24201 38
24202 35
24203 32
24204 54
