24082 2
24087 3
24093 1
24095 2
24097 1
24098 1
24100 1
24104 4
24105 6
24106 2
24108 4
24111 2
24112 3
24113 13
24114 2
24115 16
24116 1
24117 14
24118 3
24119 3
24120 9
24121 10
24122 8
24123 2
24124 11
24125 11
24126 3
24127 5
24128 6
24129 8
24130 9
24131 3
24132 7
24133 2
24134 7
24135 13
24136 8
24137 27
24138 10
24139 12
24140 3
24141 41
24142 13
24143 11
24144 5
24145 8
24146 15
24147 10
24148 15
24149 39
24150 9
24151 3
24152 4
24153 7
24154 6
24155 8
24156 12
24157 6
24158 3
24159 14
24160 3
24161 2
24162 20
24163 6
24164 3
24165 2
24166 5
24167 6
24168 15
24169 5
24170 5
24171 18
24172 2
24173 5
24174 4
24175 45
24176 3
24177 6
24178 9
24179 28
24180 7
24181 17
24182 11
24183 32
24184 6
24185 9
24186 5
24187 10
24188 12
24189 3
24191 8
24192 1
24193 8
24194 8
24195 3
24196 5
24197 1
24198 5
24199 4
24200 1
24201 2
24202 4
24203 2
24204 21
