24080 3
24082 2
24084 1
24087 3
24097 1
24104 4
24105 2
24106 1
24107 1
24108 2
24109 3
24111 22
24112 3
24113 3
24115 11
24116 1
24117 5
24118 1
24120 4
24121 9
24122 5
24123 6
24124 3
24125 8
24126 2
24127 1
24128 3
24130 3
24132 9
24133 9
24134 1
24135 16
24136 1
24137 34
24138 17
24139 4
24140 19
24141 44
24142 7
24143 11
24144 4
24145 5
24146 3
24147 17
24148 15
24149 15
24150 9
24151 8
24152 1
24153 6
24156 6
24157 6
24158 5
24159 5
24160 2
24161 3
24162 4
24163 2
24164 3
24165 3
24166 2
24167 12
24168 5
24169 2
24170 8
24171 10
24172 2
24173 1
24174 3
24175 47
24176 3
24177 5
24178 9
24179 21
24180 1
24181 10
24182 6
24183 18
24184 7
24185 10
24186 6
24187 4
24188 10
24189 2
24190 2
24191 6
24193 11
24194 9
24195 3
24196 3
24197 1
24198 5
24199 7
24200 13
24201 1
24202 1
24203 2
24204 14
