24078 2
24079 6
24080 1
24082 2
24089 1
24090 4
24093 1
24095 5
24101 2
24102 3
24104 3
24105 6
24106 1
24107 5
24108 4
24109 3
24110 3
24111 18
24112 8
24113 11
24114 8
24115 14
24116 10
24117 16
24118 8
24119 6
24120 10
24121 2
24122 5
24123 6
24126 2
24127 2
24129 2
24130 8
24133 2
24134 2
24135 6
24136 1
24138 2
24139 1
24140 1
24141 8
24142 10
24143 2
24144 6
24145 2
24146 7
24147 2
24148 3
24149 3
24150 7
24151 10
24152 3
24153 2
24154 2
24155 5
24157 6
24159 11
24160 6
24161 6
24162 4
24163 2
24164 5
24165 9
24166 5
24167 1
24168 5
24169 5
24171 8
24172 1
24173 4
24174 13
24175 14
24176 2
24177 6
24178 2
24179 9
24180 2
24181 9
24182 2
24183 2
24184 2
24185 1
24186 1
24188 3
24189 1
24190 3
24191 1
24192 3
24193 5
24194 3
24195 7
24197 6
24198 6
24199 8
24200 7
24202 5
24203 11
24204 4
