24078 3
24079 3
24080 1
24101 35
24104 2
24106 19
24107 2
24108 1
24109 5
24110 6
24111 44
24113 1
24115 32
24118 2
24119 10
24120 6
24121 8
24122 1
24123 16
24126 2
24127 7
24131 4
24132 8
24133 11
24135 4
24136 5
24137 1
24138 12
24140 2
24141 1
24142 3
24143 4
24144 6
24145 10
24146 6
24147 2
24148 1
24149 2
24150 2
24151 2
24153 3
24158 10
24161 3
24163 3
24164 1
24165 3
24166 2
24167 4
24168 4
24169 4
24170 6
24171 10
24172 2
24173 1
24175 1
24176 2
24177 2
24178 5
24179 3
24180 1
24183 2
24184 4
24185 6
24186 2
24188 2
24189 3
24192 14
24193 2
24194 4
24196 2
24198 2
24199 1
24200 2
24201 4
24202 8
24203 8
24204 17
