24079 4
24080 1
24095 7
24101 2
24102 5
24104 37
24106 20
24107 10
24108 6
24109 6
24110 13
24111 10
24112 28
24113 14
24114 15
24115 38
24116 16
24117 31
24118 12
24119 5
24120 21
24121 19
24122 21
24123 12
24125 10
24126 4
24127 3
24128 1
24129 12
24130 4
24132 2
24133 5
24134 5
24135 4
24136 14
24138 3
24139 13
24140 6
24141 2
24142 23
24143 3
24144 15
24145 13
24146 11
24147 5
24148 5
24149 15
24150 1
24151 8
24152 4
24153 2
24154 2
24155 3
24156 8
24157 5
24158 3
24159 2
24160 4
24161 3
24162 1
24163 8
24164 3
24165 2
24167 2
24169 6
24170 1
24171 12
24172 1
24173 2
24174 3
24175 7
24176 1
24177 2
24178 5
24179 1
24180 3
24181 7
24182 5
24183 4
24184 9
24185 2
24186 2
24187 2
24188 2
24189 6
24190 2
24191 2
24192 4
24193 4
24194 17
24197 6
24198 1
24199 1
24200 1
24201 3
24202 13
24203 4
24204 6
