24080 1
24082 2
24087 9
24088 2
24093 8
24095 6
24097 5
24098 1
24100 1
24104 2
24105 39
24106 2
24107 21
24108 31
24109 5
24110 4
24111 10
24112 11
24113 7
24114 20
24115 17
24116 38
24117 9
24118 3
24119 3
24120 7
24121 4
24122 1
24123 5
24124 4
24126 3
24127 5
24128 2
24129 13
24130 21
24131 5
24132 29
24133 17
24134 10
24135 11
24136 2
24138 16
24139 2
24140 9
24141 23
24142 32
24143 14
24144 22
24145 13
24146 17
24147 17
24148 8
24149 16
24150 11
24151 10
24152 9
24153 12
24154 9
24155 4
24156 20
24157 1
24158 6
24159 9
24160 3
24161 3
24162 35
24163 3
24164 6
24165 4
24166 4
24167 16
24168 8
24169 2
24170 4
24171 5
24172 2
24173 11
24174 2
24175 3
24176 11
24177 7
24178 8
24179 2
24180 11
24181 11
24182 3
24183 14
24184 31
24185 14
24186 5
24187 2
24188 4
24189 28
24190 7
24191 8
24192 1
24193 14
24194 15
24195 2
24196 8
24197 3
24198 1
24199 5
24202 14
24203 10
24204 6
24205 2
