24078 1
24095 1
24104 1
24105 1
24106 8
24107 6
24108 1
24115 3
24118 1
24119 2
24120 1
24121 2
24122 1
24123 2
24129 1
24130 2
24132 4
24133 4
24134 5
24135 4
24137 1
24138 2
24139 3
24140 3
24141 8
24142 1
24143 5
24144 9
24145 10
24146 2
24147 3
24148 4
24149 47
24150 15
24151 4
24152 2
24153 4
24154 4
24155 1
24156 4
24157 8
24159 1
24160 2
24161 3
24162 8
24164 4
24165 8
24167 4
24168 13
24169 3
24170 4
24171 4
24173 1
24174 4
24175 21
24176 16
24177 7
24180 1
24181 5
24183 19
24184 2
24185 4
24186 3
24187 3
24188 4
24189 2
24190 4
24191 3
24192 2
24193 6
24194 1
24195 1
24196 1
24197 1
24200 2
24202 11
24203 2
24204 2
24205 1
