24073 32
24080 11
24082 29
24083 4
24087 2
24088 8
24090 2
24092 3
24095 2
24097 3
24098 2
24101 4
24102 14
24103 12
24104 21
24105 10
24106 22
24107 8
24108 7
24109 7
24110 12
24111 35
24112 31
24113 24
24114 2
24115 6
24116 14
24117 25
24119 11
24120 2
24121 17
24122 48
24123 155
24124 12
24125 23
24126 10
24127 10
24129 6
24130 62
24131 86
24132 46
24133 47
24134 16
24135 42
24136 63
24137 32
24138 133
24139 89
24140 132
24141 31
24142 27
24143 38
24144 34
24145 95
24146 44
24147 34
24148 22
24149 74
24150 30
24151 64
24152 47
24153 8
24154 15
24155 18
24156 39
24157 52
24158 22
24159 16
24160 9
24161 11
24162 68
24163 7
24164 20
24165 50
24166 19
24167 45
24168 43
24169 29
24170 18
24171 83
24172 27
24173 54
24174 19
24175 34
24176 31
24177 61
24178 60
24179 35
24180 79
24181 56
24182 13
24183 40
24184 39
24185 20
24186 61
24187 21
24188 27
24189 23
24190 24
24191 33
24192 32
24193 44
24194 30
24195 19
24196 28
24197 80
24198 53
24199 81
24200 51
24201 32
24202 68
24203 96
24204 49
