24073 2
24075 1
24078 4
24079 4
24080 28
24082 45
24086 20
24087 6
24088 32
24089 12
24090 8
24091 1
24092 1
24093 4
24095 27
24097 16
24098 6
24100 6
24101 19
24102 2
24103 4
24104 32
24105 15
24106 12
24107 28
24108 37
24109 18
24110 40
24111 86
24112 35
24113 27
24114 25
24115 93
24116 23
24117 16
24118 21
24119 99
24120 42
24121 122
24122 62
24123 68
24124 29
24125 103
24126 31
24127 41
24128 40
24129 69
24130 36
24131 5
24132 57
24133 62
24134 29
24135 57
24136 91
24137 63
24138 136
24139 78
24140 89
24141 109
24142 129
24143 74
24144 87
24145 85
24146 123
24147 96
24148 60
24149 137
24150 83
24151 161
24152 97
24153 70
24154 58
24155 36
24156 81
24157 90
24158 69
24159 104
24160 56
24161 56
24162 68
24163 47
24164 38
24165 55
24166 30
24167 62
24168 71
24169 50
24170 50
24171 168
24172 36
24173 85
24174 62
24175 94
24176 51
24177 100
24178 41
24179 121
24180 78
24181 79
24182 75
24183 86
24184 88
24185 107
24186 53
24187 60
24188 62
24189 24
24190 40
24191 86
24192 40
24193 61
24194 60
24195 46
24196 57
24197 50
24198 62
24199 62
24200 75
24201 89
24202 52
24203 89
24204 55
