24101 3
24102 2
24104 13
24106 22
24107 8
24108 13
24111 10
24112 26
24113 16
24114 1
24115 15
24116 14
24117 6
24118 1
24119 9
24120 4
24121 7
24122 20
24123 7
24125 8
24126 6
24127 7
24128 6
24129 2
24130 9
24131 2
24132 2
24134 1
24135 9
24136 14
24137 5
24138 30
24139 10
24140 20
24141 12
24142 8
24143 13
24144 14
24145 3
24146 23
24147 4
24148 1
24149 36
24150 126
24151 26
24152 12
24153 10
24154 6
24155 27
24156 22
24157 27
24158 40
24159 8
24160 10
24161 7
24162 82
24163 40
24164 6
24165 8
24166 14
24167 2
24168 13
24169 15
24170 29
24171 36
24172 22
24173 22
24174 28
24175 29
24176 14
24177 26
24178 3
24179 10
24180 43
24181 24
24182 25
24183 52
24184 52
24185 52
24186 13
24187 40
24188 69
24189 67
24190 28
24191 15
24192 13
24193 21
24194 44
24195 28
24196 38
24197 39
24198 60
24199 60
24200 48
24201 34
24202 131
24203 34
24204 62
