24079 20
24080 20
24082 8
24085 1
24095 34
24101 2
24103 2
24104 18
24105 25
24106 8
24107 23
24108 16
24109 11
24110 47
24111 62
24112 26
24113 22
24114 14
24115 32
24116 33
24117 6
24118 17
24119 6
24120 7
24121 9
24122 13
24123 68
24124 10
24125 11
24126 1
24127 26
24128 4
24129 106
24130 7
24131 18
24132 16
24133 22
24134 3
24135 4
24136 57
24137 16
24138 35
24139 29
24140 34
24141 30
24142 31
24143 20
24144 43
24145 27
24146 74
24147 36
24148 22
24149 92
24150 74
24151 102
24152 43
24153 21
24154 17
24155 86
24156 38
24157 53
24158 53
24159 48
24160 63
24161 75
24162 47
24163 29
24164 25
24165 51
24166 29
24167 35
24168 58
24169 10
24170 29
24171 38
24172 44
24173 21
24174 74
24175 175
24176 29
24177 93
24178 72
24179 37
24180 24
24181 66
24182 56
24183 62
24184 28
24185 57
24186 44
24187 31
24188 89
24189 66
24190 71
24191 24
24192 16
24193 36
24194 110
24195 46
24196 56
24197 47
24198 45
24199 43
24200 127
24201 34
24202 25
24203 29
24204 55
