24079 4
24080 12
24082 33
24086 17
24087 4
24088 14
24090 9
24095 5
24100 10
24101 4
24104 2
24105 14
24106 8
24108 11
24112 3
24114 1
24115 6
24117 8
24118 4
24119 23
24120 2
24121 5
24123 8
24124 11
24125 4
24129 25
24130 2
24131 9
24132 6
24133 6
24136 12
24137 13
24138 30
24139 3
24141 5
24142 15
24143 13
24144 7
24145 2
24146 6
24147 4
24148 1
24149 8
24150 3
24151 11
24152 20
24153 47
24154 14
24155 10
24156 14
24157 10
24158 7
24159 15
24160 7
24161 3
24162 15
24163 5
24164 6
24165 5
24166 5
24167 3
24168 14
24169 4
24170 9
24171 24
24172 17
24173 18
24174 17
24175 10
24177 17
24178 3
24179 4
24180 14
24181 6
24182 17
24183 17
24184 7
24185 9
24186 11
24187 128
24188 11
24189 21
24190 37
24191 3
24192 5
24193 17
24194 28
24195 6
24196 24
24197 3
24198 107
24199 30
24200 2
24201 38
24202 89
24203 31
24204 48
