24115 22
24116 2
24117 1
24119 4
24121 4
24122 3
24123 1
24124 2
24125 15
24126 10
24127 2
24129 2
24130 26
24131 5
24132 4
24133 4
24134 5
24135 8
24136 8
24137 1
24138 2
24139 11
24140 21
24141 32
24143 3
24144 4
24145 1
24146 9
24148 9
24149 1
24150 3
24152 4
24154 1
24155 3
24157 8
24159 3
24160 5
24161 1
24162 5
24164 1
24165 3
24166 2
24169 9
24171 5
24172 1
24173 6
24174 3
24175 2
24176 3
24177 4
24178 1
24179 1
24180 1
24184 6
24185 2
24186 4
24187 3
24188 1
24189 7
24193 3
24195 3
24196 1
24197 4
24199 4
24201 7
24203 10
24204 2
