24075 2
24077 2
24078 2
24079 17
24080 11
24081 4
24082 1
24083 2
24084 1
24087 22
24088 6
24089 4
24091 4
24092 108
24093 1
24095 3
24099 2
24102 5
24103 1
24104 5
24105 12
24106 11
24107 4
24108 63
24109 29
24110 29
24112 12
24113 10
24114 4
24115 7
24116 1
24117 4
24118 8
24119 52
24120 8
24121 18
24122 1
24123 44
24124 41
24125 9
24126 8
24127 12
24128 13
24129 30
24130 15
24131 18
24132 34
24133 21
24134 20
24135 9
24136 15
24137 12
24138 75
24139 65
24140 45
24141 46
24142 149
24143 38
24144 74
24145 53
24146 50
24147 34
24148 15
24149 76
24150 37
24151 84
24152 52
24153 65
24154 46
24155 57
24156 47
24157 43
24158 58
24159 38
24160 35
24161 15
24162 66
24163 21
24164 40
24165 22
24166 21
24167 31
24168 48
24169 34
24170 24
24171 141
24172 21
24173 45
24174 53
24175 72
24176 34
24177 91
24178 49
24179 52
24180 85
24181 53
24182 31
24183 26
24184 33
24185 25
24186 17
24187 32
24188 37
24189 68
24190 19
24191 22
24192 43
24193 35
24194 39
24195 19
24196 89
24197 34
24198 28
24199 38
24200 61
24201 88
24202 27
24203 27
24204 61
