24106 1
24111 4
24119 2
24120 1
24123 13
24124 2
24126 5
24128 1
24129 1
24130 5
24131 2
24132 2
24134 6
24135 3
24138 10
24139 5
24140 5
24141 10
24142 32
24143 25
24144 6
24145 18
24146 15
24147 3
24148 4
24149 1
24150 10
24151 11
24152 7
24153 9
24154 13
24155 11
24156 3
24157 3
24158 3
24161 2
24162 3
24163 6
24164 7
24165 5
24166 7
24167 6
24168 12
24169 3
24170 5
24171 15
24173 1
24174 10
24175 51
24176 1
24177 40
24178 7
24179 2
24180 26
24181 6
24182 5
24183 10
24185 8
24186 1
24187 7
24188 2
24189 5
24190 7
24191 2
24192 1
24193 4
24194 5
24195 1
24196 1
24197 3
24198 3
24199 11
24200 7
24201 3
24202 5
24203 4
24204 8
