24080 15
24086 3
24087 8
24088 4
24089 17
24090 5
24095 22
24101 2
24104 2
24106 21
24107 32
24108 11
24112 10
24113 10
24114 6
24115 5
24118 3
24119 3
24120 1
24121 2
24122 2
24123 15
24124 4
24125 2
24127 8
24128 7
24129 12
24130 9
24132 6
24133 7
24135 20
24136 38
24137 51
24138 56
24139 27
24140 17
24141 10
24142 32
24143 18
24144 42
24145 19
24146 24
24147 29
24148 31
24149 61
24150 58
24151 22
24152 19
24153 14
24154 18
24155 27
24156 32
24157 73
24158 56
24159 71
24160 15
24161 79
24162 66
24163 15
24164 7
24165 34
24166 6
24167 23
24168 28
24169 19
24170 37
24171 50
24172 28
24173 70
24174 30
24175 70
24176 26
24177 64
24178 21
24179 22
24180 48
24181 82
24182 32
24183 25
24184 37
24185 52
24186 43
24187 32
24188 99
24189 29
24190 42
24191 44
24192 31
24193 15
24194 66
24195 65
24196 79
24197 110
24198 63
24199 23
24200 52
24201 85
24202 59
24203 87
24204 82
