24073 1
24080 3
24085 1
24086 1
24095 3
24096 1
24101 1
24103 1
24104 51
24105 8
24106 1
24107 28
24108 1
24109 31
24110 19
24111 8
24112 6
24114 18
24115 80
24116 2
24117 8
24118 4
24119 12
24120 2
24121 39
24122 12
24123 21
24124 2
24125 6
24126 2
24127 1
24128 9
24129 6
24130 2
24131 5
24132 5
24133 9
24134 4
24135 4
24136 21
24137 5
24138 21
24139 1
24140 13
24141 14
24142 44
24143 15
24144 53
24145 38
24146 16
24147 95
24148 34
24149 79
24150 32
24151 7
24152 47
24153 8
24154 13
24155 11
24156 6
24157 9
24158 2
24159 32
24160 12
24161 8
24162 32
24163 12
24164 6
24165 5
24166 22
24167 14
24168 14
24169 10
24170 10
24171 20
24172 14
24173 3
24174 15
24175 24
24176 23
24177 20
24178 18
24179 21
24180 23
24181 17
24182 18
24183 28
24184 36
24185 18
24186 21
24187 27
24188 14
24189 24
24190 37
24191 9
24192 5
24193 21
24194 53
24195 16
24196 5
24197 9
24198 19
24199 37
24200 18
24201 49
24202 51
24203 92
24204 42
