24080 3
24082 4
24084 1
24087 6
24093 1
24095 2
24097 2
24098 1
24100 1
24104 8
24105 8
24106 3
24107 1
24108 6
24109 3
24111 24
24112 6
24113 16
24114 2
24115 27
24116 2
24117 19
24118 4
24119 3
24120 13
24121 19
24122 13
24123 8
24124 14
24125 19
24126 5
24127 6
24128 9
24129 8
24130 12
24131 3
24132 16
24133 11
24134 8
24135 29
24136 9
24137 61
24138 27
24139 16
24140 22
24141 85
24142 20
24143 22
24144 9
24145 13
24146 18
24147 27
24148 30
24149 54
24150 18
24151 11
24152 5
24153 13
24154 6
24155 8
24156 18
24157 12
24158 8
24159 19
24160 5
24161 5
24162 24
24163 8
24164 6
24165 5
24166 7
24167 18
24168 20
24169 7
24170 13
24171 28
24172 4
24173 6
24174 7
24175 92
24176 6
24177 11
24178 18
24179 49
24180 8
24181 27
24182 17
24183 50
24184 13
24185 19
24186 11
24187 14
24188 22
24189 5
24190 2
24191 14
24192 1
24193 19
24194 17
24195 6
24196 8
24197 2
24198 10
24199 11
24200 14
24201 3
24202 5
24203 4
24204 35
