24078 7
24079 12
24080 2
24082 4
24083 1
24089 5
24090 8
24093 1
24095 5
24101 5
24102 3
24104 4
24105 8
24106 3
24107 7
24108 4
24109 4
24110 3
24111 26
24112 8
24113 17
24114 9
24115 22
24116 10
24117 21
24118 9
24119 6
24120 18
24121 2
24122 5
24123 9
24126 2
24127 2
24129 2
24130 8
24133 4
24134 3
24135 8
24136 6
24138 13
24139 1
24140 14
24141 8
24142 20
24143 3
24144 12
24145 4
24146 10
24147 3
24148 5
24149 4
24150 11
24151 14
24152 4
24153 3
24154 2
24155 9
24157 12
24159 13
24160 7
24161 8
24162 6
24163 3
24164 5
24165 11
24166 9
24167 2
24168 8
24169 5
24171 13
24172 2
24173 12
24174 14
24175 19
24176 5
24177 7
24178 10
24179 14
24180 6
24181 13
24182 4
24183 2
24184 3
24185 2
24186 3
24188 5
24189 6
24190 3
24191 1
24192 4
24193 11
24194 6
24195 20
24197 13
24198 6
24199 12
24200 11
24201 25
24202 22
24203 19
24204 8
