24078 3
24079 7
24080 2
24095 7
24101 37
24102 5
24104 39
24106 39
24107 12
24108 7
24109 11
24110 19
24111 54
24112 28
24113 15
24114 15
24115 70
24116 16
24117 31
24118 14
24119 15
24120 27
24121 27
24122 22
24123 28
24125 10
24126 6
24127 10
24128 1
24129 12
24130 4
24131 4
24132 10
24133 16
24134 5
24135 8
24136 19
24137 1
24138 15
24139 13
24140 8
24141 3
24142 26
24143 7
24144 21
24145 23
24146 17
24147 7
24148 6
24149 17
24150 3
24151 10
24152 4
24153 5
24154 2
24155 3
24156 8
24157 5
24158 13
24159 2
24160 4
24161 6
24162 1
24163 11
24164 4
24165 5
24166 2
24167 6
24168 4
24169 10
24170 7
24171 22
24172 3
24173 3
24174 3
24175 8
24176 3
24177 4
24178 10
24179 4
24180 4
24181 7
24182 5
24183 6
24184 13
24185 8
24186 4
24187 2
24188 4
24189 9
24190 2
24191 2
24192 18
24193 6
24194 21
24196 2
24197 6
24198 3
24199 2
24200 3
24201 7
24202 21
24203 12
24204 23
