24075 2
24079 4
24104 2
24105 5
24109 2
24110 1
24123 3
24124 3
24127 5
24129 6
24133 2
24138 8
24140 6
24141 5
24142 11
24143 1
24144 2
24145 29
24146 11
24147 4
24148 3
24149 14
24150 6
24151 24
24152 17
24153 8
24155 2
24156 4
24159 8
24161 2
24162 30
24165 2
24168 2
24170 2
24171 11
24172 2
24173 6
24179 11
24180 2
24181 24
24182 22
24183 23
24185 7
24186 9
24187 5
24188 13
24189 6
24191 2
24192 9
24193 1
24194 1
24195 74
24196 11
24197 2
24198 4
24199 4
24200 2
24201 1
24202 4
24203 17
24204 7
