24098 1
24121 1
24123 4
24124 1
24126 3
24127 12
24128 2
24129 22
24132 2
24134 2
24135 1
24136 3
24137 2
24138 4
24139 3
24140 11
24141 3
24142 1
24144 4
24145 9
24146 6
24147 10
24148 2
24149 2
24150 2
24151 4
24152 10
24153 12
24154 8
24155 6
24156 16
24157 2
24158 7
24159 1
24160 2
24161 3
24162 1
24164 3
24165 1
24166 5
24167 3
24168 2
24170 5
24171 1
24172 4
24173 1
24174 2
24176 1
24177 3
24178 2
24180 6
24181 7
24183 3
24184 14
24185 3
24186 1
24187 3
24188 6
24190 2
24191 3
24193 5
24194 5
24196 2
24198 2
24199 1
24200 2
24201 1
24203 4
24204 4
