24080 3
24082 4
24084 1
24087 24
24088 2
24093 11
24095 8
24097 10
24098 2
24100 1
24104 3
24105 39
24106 6
24107 25
24108 53
24109 8
24110 4
24111 14
24112 13
24113 10
24114 32
24115 28
24116 69
24117 14
24118 5
24119 3
24120 23
24121 14
24122 1
24123 7
24124 5
24125 1
24126 4
24127 11
24128 2
24129 20
24130 25
24131 6
24132 36
24133 21
24134 11
24135 15
24136 4
24138 27
24139 2
24140 21
24141 32
24142 38
24143 16
24144 35
24145 25
24146 24
24147 37
24148 14
24149 18
24150 15
24151 12
24152 19
24153 28
24154 16
24155 10
24156 31
24157 2
24158 9
24159 11
24160 5
24161 6
24162 44
24163 6
24164 11
24165 6
24166 8
24167 29
24168 15
24169 2
24170 10
24171 5
24172 4
24173 12
24174 3
24175 6
24176 23
24177 11
24178 19
24179 2
24180 12
24181 20
24182 3
24183 21
24184 40
24185 26
24186 11
24187 2
24188 5
24189 36
24190 10
24191 11
24192 1
24193 20
24194 25
24195 2
24196 15
24197 7
24198 6
24199 5
24200 13
24201 1
24202 29
24203 20
24204 7
24205 2
