24079 18
24080 19
24082 4
24101 2
24103 2
24104 14
24105 4
24106 2
24107 2
24108 8
24109 7
24110 16
24111 38
24112 2
24113 8
24114 8
24115 12
24116 10
24117 2
24118 2
24119 2
24120 2
24121 2
24122 2
24123 30
24124 6
24125 4
24127 2
24129 26
24130 2
24131 6
24132 10
24133 8
24135 4
24136 34
24137 6
24138 28
24139 18
24140 17
24141 12
24142 16
24143 8
24144 14
24145 13
24146 32
24147 8
24148 5
24149 33
24150 16
24151 51
24152 18
24153 8
24154 7
24155 55
24156 10
24157 25
24158 14
24159 12
24160 20
24161 25
24162 19
24163 4
24164 4
24165 16
24166 9
24167 17
24168 18
24169 4
24170 16
24171 8
24172 21
24173 6
24174 21
24175 74
24176 12
24177 59
24178 31
24179 12
24180 10
24181 37
24182 22
24183 31
24184 12
24185 20
24186 23
24187 15
24188 25
24189 27
24190 19
24191 12
24192 4
24193 22
24194 51
24195 27
24196 13
24197 22
24198 23
24199 19
24200 42
24201 12
24202 10
24203 11
24204 25
