24101 1
24102 1
24104 1
24106 8
24107 6
24108 7
24111 4
24112 24
24113 14
24114 1
24115 9
24116 10
24117 6
24118 1
24119 7
24120 3
24121 7
24122 19
24123 5
24125 1
24126 6
24127 7
24128 4
24129 2
24130 9
24131 2
24134 1
24135 2
24136 5
24137 2
24138 3
24139 4
24140 9
24141 10
24142 2
24143 13
24144 10
24145 1
24146 3
24147 2
24149 30
24150 88
24151 19
24152 8
24153 5
24154 6
24155 17
24156 11
24157 16
24158 18
24159 4
24160 10
24162 80
24163 28
24164 5
24165 5
24166 4
24168 7
24169 12
24170 22
24171 22
24172 6
24173 14
24174 22
24175 17
24176 8
24177 16
24178 3
24179 7
24180 25
24181 6
24182 17
24183 30
24184 20
24185 21
24186 4
24187 13
24188 25
24189 31
24190 13
24191 5
24192 9
24193 9
24194 9
24195 15
24196 14
24197 14
24198 40
24199 10
24200 17
24201 12
24202 76
24203 20
24204 27
