24101 2
24102 1
24104 12
24106 14
24107 2
24108 6
24111 6
24112 2
24113 2
24115 6
24116 4
24119 2
24120 1
24122 1
24123 2
24125 7
24128 2
24132 2
24135 7
24136 9
24137 3
24138 27
24139 6
24140 11
24141 2
24142 6
24144 4
24145 2
24146 20
24147 2
24148 1
24149 6
24150 38
24151 7
24152 4
24153 5
24155 10
24156 11
24157 11
24158 22
24159 4
24161 7
24162 2
24163 12
24164 1
24165 3
24166 10
24167 2
24168 6
24169 3
24170 7
24171 14
24172 16
24173 8
24174 6
24175 12
24176 6
24177 10
24179 3
24180 18
24181 18
24182 8
24183 22
24184 32
24185 31
24186 9
24187 27
24188 44
24189 36
24190 15
24191 10
24192 4
24193 12
24194 35
24195 13
24196 24
24197 25
24198 20
24199 50
24200 31
24201 22
24202 55
24203 14
24204 35
