24080 1
24082 15
24083 4
24087 2
24090 2
24095 2
24101 2
24102 14
24104 11
24106 13
24107 8
24108 3
24109 4
24110 6
24111 13
24112 23
24113 12
24114 2
24115 6
24116 12
24117 12
24119 5
24121 2
24122 29
24123 84
24124 10
24125 20
24126 6
24127 6
24129 6
24130 18
24131 32
24132 28
24133 37
24134 8
24135 32
24136 47
24137 23
24138 73
24139 55
24140 99
24141 25
24142 20
24143 24
24144 26
24145 38
24146 22
24147 20
24148 19
24149 55
24150 28
24151 36
24152 35
24153 4
24154 7
24155 14
24156 18
24157 12
24158 16
24159 10
24160 1
24161 7
24162 10
24163 4
24164 10
24165 32
24166 17
24167 11
24168 19
24169 19
24170 8
24171 63
24172 19
24173 14
24174 13
24175 21
24176 11
24177 31
24178 47
24179 15
24180 47
24181 38
24182 11
24183 23
24184 30
24185 11
24186 38
24187 15
24188 15
24189 12
24190 6
24191 27
24192 28
24193 26
24194 18
24195 14
24196 15
24197 37
24198 26
24199 71
24200 21
24201 12
24202 23
24203 50
24204 23
