24073 32
24080 10
24082 14
24088 8
24092 3
24097 3
24098 2
24101 2
24103 12
24104 10
24105 10
24106 9
24108 4
24109 3
24110 6
24111 22
24112 8
24113 12
24116 2
24117 13
24119 6
24120 2
24121 15
24122 19
24123 71
24124 2
24125 3
24126 4
24127 4
24130 44
24131 54
24132 18
24133 10
24134 8
24135 10
24136 16
24137 9
24138 60
24139 34
24140 33
24141 6
24142 7
24143 14
24144 8
24145 57
24146 22
24147 14
24148 3
24149 19
24150 2
24151 28
24152 12
24153 4
24154 8
24155 4
24156 21
24157 40
24158 6
24159 6
24160 8
24161 4
24162 58
24163 3
24164 10
24165 18
24166 2
24167 34
24168 24
24169 10
24170 10
24171 20
24172 8
24173 40
24174 6
24175 13
24176 20
24177 30
24178 13
24179 20
24180 32
24181 18
24182 2
24183 17
24184 9
24185 9
24186 23
24187 6
24188 12
24189 11
24190 18
24191 6
24192 4
24193 18
24194 12
24195 5
24196 13
24197 43
24198 27
24199 10
24200 30
24201 20
24202 45
24203 46
24204 26
