24079 2
24080 6
24082 14
24086 6
24087 2
24088 10
24090 3
24095 3
24100 5
24101 2
24104 2
24105 7
24106 4
24108 5
24112 2
24114 1
24115 2
24118 2
24119 1
24123 2
24124 3
24129 2
24131 4
24132 1
24133 2
24136 7
24137 5
24138 11
24139 2
24141 3
24142 3
24143 7
24144 2
24145 1
24146 2
24147 1
24148 1
24149 4
24151 9
24152 9
24153 16
24154 8
24155 5
24156 3
24157 4
24158 3
24159 4
24160 3
24161 1
24162 3
24163 1
24164 2
24165 2
24166 4
24168 10
24169 2
24170 2
24171 9
24172 6
24173 12
24174 7
24175 5
24177 3
24180 7
24181 2
24182 8
24183 11
24184 6
24185 4
24186 6
24187 86
24188 8
24189 15
24190 19
24191 3
24192 2
24193 6
24194 12
24195 4
24196 10
24198 46
24199 23
24201 2
24202 35
24203 13
24204 35
