24079 6
24080 3
24081 1
24082 1
24087 20
24088 6
24089 3
24091 4
24092 107
24093 1
24095 3
24099 2
24102 3
24104 1
24105 7
24106 6
24107 4
24108 36
24109 5
24110 21
24112 7
24113 3
24114 4
24115 4
24116 1
24117 4
24118 5
24119 42
24120 2
24121 12
24123 22
24124 16
24125 5
24126 8
24127 8
24128 11
24129 21
24130 9
24131 14
24132 25
24133 11
24134 13
24135 4
24136 9
24137 7
24138 49
24139 37
24140 11
24141 28
24142 116
24143 25
24144 51
24145 28
24146 28
24147 21
24148 10
24149 49
24150 29
24151 43
24152 29
24153 33
24154 31
24155 34
24156 31
24157 25
24158 44
24159 28
24160 21
24161 9
24162 36
24163 17
24164 28
24165 13
24166 12
24167 20
24168 25
24169 18
24170 16
24171 75
24172 13
24173 26
24174 40
24175 40
24176 18
24177 53
24178 25
24179 29
24180 48
24181 33
24182 20
24183 17
24184 18
24185 14
24186 11
24187 21
24188 21
24189 34
24190 10
24191 13
24192 32
24193 17
24194 29
24195 13
24196 46
24197 23
24198 13
24199 23
24200 21
24201 54
24202 12
24203 21
24204 30
