24079 2
24080 6
24082 19
24086 11
24087 2
24088 4
24090 6
24095 2
24100 5
24101 2
24105 7
24106 4
24108 6
24112 1
24115 4
24117 8
24118 2
24119 22
24120 2
24121 5
24123 6
24124 8
24125 4
24129 23
24130 2
24131 5
24132 5
24133 4
24136 5
24137 8
24138 19
24139 1
24141 2
24142 12
24143 6
24144 5
24145 1
24146 4
24147 3
24149 4
24150 3
24151 2
24152 11
24153 31
24154 6
24155 5
24156 11
24157 6
24158 4
24159 11
24160 4
24161 2
24162 12
24163 4
24164 4
24165 3
24166 1
24167 3
24168 4
24169 2
24170 7
24171 15
24172 11
24173 6
24174 10
24175 5
24177 14
24178 3
24179 4
24180 7
24181 4
24182 9
24183 6
24184 1
24185 5
24186 5
24187 42
24188 3
24189 6
24190 18
24192 3
24193 11
24194 16
24195 2
24196 14
24197 3
24198 61
24199 7
24200 2
24201 36
24202 54
24203 18
24204 13
