24075 2
24077 2
24078 2
24079 11
24080 8
24081 3
24083 2
24084 1
24087 2
24089 1
24092 1
24102 2
24103 1
24104 4
24105 5
24106 5
24108 27
24109 24
24110 8
24112 5
24113 7
24115 3
24118 3
24119 10
24120 6
24121 6
24122 1
24123 22
24124 25
24125 4
24127 4
24128 2
24129 9
24130 6
24131 4
24132 9
24133 10
24134 7
24135 5
24136 6
24137 5
24138 26
24139 28
24140 34
24141 18
24142 33
24143 13
24144 23
24145 25
24146 22
24147 13
24148 5
24149 27
24150 8
24151 41
24152 23
24153 32
24154 15
24155 23
24156 16
24157 18
24158 14
24159 10
24160 14
24161 6
24162 30
24163 4
24164 12
24165 9
24166 9
24167 11
24168 23
24169 16
24170 8
24171 66
24172 8
24173 19
24174 13
24175 32
24176 16
24177 38
24178 24
24179 23
24180 37
24181 20
24182 11
24183 9
24184 15
24185 11
24186 6
24187 11
24188 16
24189 34
24190 9
24191 9
24192 11
24193 18
24194 10
24195 6
24196 43
24197 11
24198 15
24199 15
24200 40
24201 34
24202 15
24203 6
24204 31
