24080 15
24086 3
24087 4
24088 1
24089 10
24090 1
24095 1
24101 2
24106 19
24107 17
24112 7
24113 9
24115 3
24119 3
24121 2
24122 2
24123 7
24124 4
24125 2
24127 8
24128 3
24129 4
24130 5
24135 9
24136 24
24137 28
24138 46
24139 17
24140 14
24141 2
24142 14
24143 14
24144 20
24145 4
24146 10
24147 11
24148 12
24149 26
24150 22
24151 8
24152 9
24153 8
24154 10
24155 4
24156 15
24157 36
24158 18
24159 46
24160 11
24161 23
24162 8
24163 6
24164 6
24165 24
24166 4
24167 20
24168 20
24169 8
24170 19
24171 28
24172 24
24173 45
24174 17
24175 34
24176 10
24177 27
24178 19
24179 2
24180 21
24181 65
24182 26
24183 15
24184 14
24185 28
24186 20
24187 18
24188 54
24189 17
24190 36
24191 23
24192 14
24193 12
24194 35
24195 43
24196 46
24197 65
24198 32
24199 17
24200 29
24201 47
24202 24
24203 55
24204 28
