24085 1
24095 3
24096 1
24103 1
24104 16
24105 4
24107 17
24109 16
24110 9
24111 3
24112 5
24114 10
24115 46
24116 2
24117 6
24118 2
24119 6
24120 1
24121 33
24122 7
24123 12
24125 5
24127 1
24128 7
24129 5
24131 1
24132 1
24133 6
24134 2
24135 1
24136 8
24137 3
24138 5
24139 1
24140 4
24141 7
24142 23
24143 12
24144 38
24145 28
24146 3
24147 76
24148 18
24149 71
24150 26
24151 1
24152 26
24153 3
24154 9
24155 8
24156 5
24157 5
24158 2
24159 12
24160 4
24161 4
24162 13
24163 5
24164 1
24165 1
24166 13
24167 6
24168 7
24169 2
24170 5
24171 12
24172 8
24174 12
24175 12
24176 12
24177 9
24178 6
24179 9
24180 16
24181 8
24182 12
24183 9
24184 31
24185 10
24186 11
24187 14
24188 9
24189 9
24190 12
24191 2
24192 3
24193 15
24194 41
24195 11
24196 2
24197 4
24198 8
24199 17
24200 5
24201 27
24202 31
24203 19
24204 14
