24073 1
24080 3
24086 1
24101 1
24104 35
24105 4
24106 1
24107 11
24108 1
24109 15
24110 10
24111 5
24112 1
24114 8
24115 34
24117 2
24118 2
24119 6
24120 1
24121 6
24122 5
24123 9
24124 2
24125 1
24126 2
24128 2
24129 1
24130 2
24131 4
24132 4
24133 3
24134 2
24135 3
24136 13
24137 2
24138 16
24140 9
24141 7
24142 21
24143 3
24144 15
24145 10
24146 13
24147 19
24148 16
24149 8
24150 6
24151 6
24152 21
24153 5
24154 4
24155 3
24156 1
24157 4
24159 20
24160 8
24161 4
24162 19
24163 7
24164 5
24165 4
24166 9
24167 8
24168 7
24169 8
24170 5
24171 8
24172 6
24173 3
24174 3
24175 12
24176 11
24177 11
24178 12
24179 12
24180 7
24181 9
24182 6
24183 19
24184 5
24185 8
24186 10
24187 13
24188 5
24189 15
24190 25
24191 7
24192 2
24193 6
24194 12
24195 5
24196 3
24197 5
24198 11
24199 20
24200 13
24201 22
24202 20
24203 73
24204 28
