24078 5
24079 6
24080 1
24082 2
24083 1
24089 4
24090 4
24101 3
24104 1
24105 2
24106 2
24107 2
24109 1
24111 8
24113 6
24114 1
24115 8
24117 5
24118 1
24120 8
24123 3
24133 2
24134 1
24135 2
24136 5
24138 11
24140 13
24142 10
24143 1
24144 6
24145 2
24146 3
24147 1
24148 2
24149 1
24150 4
24151 4
24152 1
24153 1
24155 4
24157 6
24159 2
24160 1
24161 2
24162 2
24163 1
24165 2
24166 4
24167 1
24168 3
24171 5
24172 1
24173 8
24174 1
24175 5
24176 3
24177 1
24178 8
24179 5
24180 4
24181 4
24182 2
24184 1
24185 1
24186 2
24188 2
24189 5
24192 1
24193 6
24194 3
24195 13
24197 7
24199 4
24200 4
24201 25
24202 17
24203 8
24204 4
