24080 2
24082 2
24084 1
24087 15
24093 3
24095 2
24097 5
24098 1
24104 1
24106 4
24107 4
24108 22
24109 3
24111 4
24112 2
24113 3
24114 12
24115 11
24116 31
24117 5
24118 2
24120 16
24121 10
24123 2
24124 1
24125 1
24126 1
24127 6
24129 7
24130 4
24131 1
24132 7
24133 4
24134 1
24135 4
24136 2
24138 11
24140 12
24141 9
24142 6
24143 2
24144 13
24145 12
24146 7
24147 20
24148 6
24149 2
24150 4
24151 2
24152 10
24153 16
24154 7
24155 6
24156 11
24157 1
24158 3
24159 2
24160 2
24161 3
24162 9
24163 3
24164 5
24165 2
24166 4
24167 13
24168 7
24170 6
24172 2
24173 1
24174 1
24175 3
24176 12
24177 4
24178 11
24180 1
24181 9
24183 7
24184 9
24185 12
24186 6
24188 1
24189 8
24190 3
24191 3
24193 6
24194 10
24196 7
24197 4
24198 5
24200 13
24201 1
24202 15
24203 10
24204 1
