2009	3	0	101	26
2009	4	1	134	21
2009	5	2	89	26
2009	6	3	68	17
2009	7	4	87	16
2009	8	5	120	15
2009	9	6	79	29
2009	10	7	95	18
2009	11	8	94	21
2009	12	9	154	29
2010	1	10	173	42
2010	2	11	134	27
2010	3	12	88	19
2010	4	13	123	16
2010	5	14	121	24
2010	6	15	107	23
2010	7	16	163	19
2010	8	17	155	23
2010	9	18	213	29
2010	10	19	200	19
2010	11	20	166	10
2010	12	21	214	10
2011	1	22	242	35
2011	2	23	252	41
2011	3	24	295	28
2011	4	25	269	18
2011	5	26	260	13
2011	6	27	193	29
2011	7	28	155	25
2011	8	29	206	41
2011	9	30	339	37
2011	10	31	251	15
2011	11	32	210	20
2011	12	33	180	15
2012	1	34	173	12
2012	2	35	298	23
2012	3	36	249	17
2012	4	37	228	6
2012	5	38	240	20
2012	6	39	150	9
2012	7	40	185	16
2012	8	41	97	11
2012	9	42	217	25
2012	10	43	215	28
2012	11	44	298	15
2012	12	45	261	23
2013	1	46	230	18
2013	2	47	179	19
2013	3	48	231	20
2013	4	49	241	23
2013	5	50	260	17
2013	6	51	218	20
2013	7	52	223	13
2013	8	53	346	14
2013	9	54	323	16
2013	10	55	449	21
2013	11	56	241	15
2013	12	57	199	17
2014	1	58	232	9
2014	2	59	339	31
2014	3	60	430	19
2014	4	61	339	28
2014	5	62	520	17
2014	6	63	334	16
2014	7	64	374	14
2014	8	65	620	21
2014	9	66	288	19
2014	10	67	287	19
2014	11	68	206	16
2014	12	69	176	22
2015	1	70	251	20
2015	2	71	173	11
2015	3	72	308	26
2015	4	73	244	18
2015	5	74	377	29
2015	6	75	287	26
2015	7	76	315	49
2015	8	77	491	44
2015	9	78	383	23
2015	10	79	337	14
2015	11	80	409	15
2015	12	81	288	12
2016	1	82	336	18
2016	2	83	254	21
2016	3	84	252	13
2016	4	85	230	12
2016	5	86	244	16
2016	6	87	251	17
2016	7	88	260	21
2016	8	89	261	26
2016	9	90	133	16
2016	10	91	208	8
2016	11	92	155	8
2016	12	93	197	13
