2010 12 0 30 4
2011 1 1 150 27
2011 2 2 240 24
2011 3 3 294 58
2011 4 4 113 23
2011 5 5 52 16
2011 6 6 89 23
2011 7 7 169 30
2011 8 8 179 32
2011 9 9 145 31
2011 10 10 200 38
2011 11 11 192 36
2011 12 12 64 5
2012 1 13 196 26
2012 2 14 194 35
2012 3 15 134 27
2012 4 16 86 8
2012 5 17 106 20
2012 6 18 189 36
2012 7 19 213 27
2012 8 20 103 16
2012 9 21 44 11
2012 10 22 188 25
2012 11 23 60 21
2012 12 24 5 1
2013 1 25 30 5
2013 2 26 19 3
2013 3 27 5 1
2013 4 28 21 6
2013 5 29 26 4
2013 6 30 20 2
2013 7 31 19 0
2013 8 32 32 2
2013 9 33 44 0
2013 10 34 111 4
2013 11 35 69 2
2013 12 36 110 11
2014 1 37 50 2
2014 2 38 78 2
2014 3 39 98 4
2014 4 40 129 14
2014 5 41 206 13
2014 6 42 119 18
2014 7 43 76 5
2014 8 44 629 77
2014 9 45 182 26
2014 10 46 120 17
2014 11 47 134 21
2014 12 48 142 36
2015 1 49 177 23
2015 2 50 315 40
2015 3 51 237 31
2015 4 52 184 23
2015 5 53 200 30
2015 6 54 172 25
2015 7 55 132 27
2015 8 56 166 31
2015 9 57 188 31
2015 10 58 207 42
2015 11 59 161 25
2015 12 60 91 17
2016 1 61 132 22
2016 2 62 245 37
2016 3 63 160 11
2016 4 64 143 18
2016 5 65 113 8
2016 6 66 136 28
2016 7 67 176 32
2016 8 68 161 30
2016 9 69 122 32
2016 10 70 173 48
2016 11 71 153 34
2016 12 72 277 115
