2009 5 0 10 7
2009 6 1 21 3
2009 7 2 26 2
2009 8 3 23 4
2009 9 4 50 7
2009 10 5 25 2
2009 11 6 10 2
2009 12 7 39 7
2010 1 8 26 4
2010 2 9 35 7
2010 3 10 22 5
2010 4 11 33 6
2010 5 12 35 7
2010 6 13 31 3
2010 7 14 37 6
2010 8 15 22 5
2010 9 16 13 6
2010 10 17 26 1
2010 11 18 33 2
2010 12 19 14 3
2011 1 20 27 4
2011 2 21 22 3
2011 3 22 29 4
2011 4 23 26 1
2011 5 24 61 10
2011 6 25 82 12
2011 7 26 109 21
2011 8 27 150 34
2011 9 28 207 47
2011 10 29 281 46
2011 11 30 178 24
2011 12 31 210 39
2012 1 32 216 45
2012 2 33 286 41
2012 3 34 205 40
2012 4 35 254 25
2012 5 36 191 30
2012 6 37 131 14
2012 7 38 188 43
2012 8 39 190 31
2012 9 40 194 35
2012 10 41 208 23
2012 11 42 170 29
2012 12 43 113 23
2013 1 44 210 48
2013 2 45 127 14
2013 3 46 192 30
2013 4 47 221 38
2013 5 48 165 30
2013 6 49 218 35
2013 7 50 182 42
2013 8 51 207 34
2013 9 52 191 43
2013 10 53 258 53
2013 11 54 200 52
2013 12 55 182 44
2014 1 56 210 34
2014 2 57 297 54
2014 3 58 259 48
2014 4 59 182 36
2014 5 60 185 29
2014 6 61 195 40
2014 7 62 285 56
2014 8 63 307 56
2014 9 64 396 62
2014 10 65 292 64
2014 11 66 232 40
2014 12 67 203 39
2015 1 68 195 39
2015 2 69 293 50
2015 3 70 273 51
2015 4 71 256 51
2015 5 72 477 75
2015 6 73 229 21
2015 7 74 213 36
2015 8 75 160 34
2015 9 76 236 44
2015 10 77 268 51
2015 11 78 197 28
2015 12 79 166 31
2016 1 80 199 42
2016 2 81 209 42
2016 3 82 178 38
2016 4 83 189 44
2016 5 84 204 51
2016 6 85 234 70
2016 7 86 295 59
2016 8 87 224 40
2016 9 88 183 46
2016 10 89 261 44
2016 11 90 234 39
2016 12 91 159 36
