2001 9 0 29 2
2001 10 1 15 2
2001 11 2 14 0
2001 12 3 8 0
2002 1 4 27 0
2002 2 5 45 1
2002 3 6 6 0
2002 4 7 17 0
2002 5 8 63 6
2002 6 9 55 5
2002 7 10 37 2
2002 8 11 14 3
2002 9 12 52 3
2002 10 13 39 6
2002 11 14 23 1
2002 12 15 19 0
2003 1 16 38 0
2003 2 17 6 0
2003 3 18 20 1
2003 4 19 17 1
2003 5 20 25 5
2003 6 21 8 0
2003 7 22 1 0
2003 8 23 6 1
2003 9 24 66 6
2003 10 25 50 8
2003 11 26 26 2
2003 12 27 17 1
2004 1 28 71 3
2004 2 29 41 5
2004 3 30 68 1
2004 4 31 44 3
2004 5 32 57 7
2004 6 33 11 1
2004 7 34 8 0
2004 8 35 111 5
2004 9 36 79 3
2004 10 37 65 2
2004 11 38 63 2
2004 12 39 38 2
2005 1 40 31 0
2005 2 41 36 0
2005 3 42 48 1
2005 4 43 61 0
2005 5 44 81 1
2005 6 45 42 1
2005 7 46 31 1
2005 8 47 16 0
2005 9 48 9 0
2005 10 49 29 4
2005 11 50 54 0
2005 12 51 46 3
2006 1 52 29 2
2006 2 53 73 1
2006 3 54 71 2
2006 4 55 46 2
2006 5 56 60 0
2006 6 57 60 4
2006 7 58 56 4
2006 8 59 49 4
2006 9 60 37 1
2006 10 61 39 5
2006 11 62 122 11
2006 12 63 114 4
2007 1 64 168 6
2007 2 65 146 7
2007 3 66 104 8
2007 4 67 103 5
2007 5 68 126 4
2007 6 69 138 1
2007 7 70 94 10
2007 8 71 53 3
2007 9 72 79 9
2007 10 73 69 9
2007 11 74 75 9
2007 12 75 94 8
2008 1 76 111 7
2008 2 77 72 17
2008 3 78 100 10
2008 4 79 51 2
2008 5 80 71 9
2008 6 81 66 7
2008 7 82 108 11
2008 8 83 186 11
2008 9 84 116 6
2008 10 85 97 9
2008 11 86 105 8
2008 12 87 151 13
2009 1 88 94 10
2009 2 89 99 10
2009 3 90 111 7
2009 4 91 121 13
2009 5 92 159 16
2009 6 93 185 14
2009 7 94 143 11
2009 8 95 360 9
2009 9 96 225 6
2009 10 97 313 24
2009 11 98 197 15
2009 12 99 172 16
2010 1 100 119 5
2010 2 101 103 7
2010 3 102 228 20
2010 4 103 112 9
2010 5 104 137 9
2010 6 105 111 6
2010 7 106 139 15
2010 8 107 159 14
2010 9 108 149 9
2010 10 109 291 20
2010 11 110 154 23
2010 12 111 173 33
2011 1 112 267 39
2011 2 113 167 15
2011 3 114 234 12
2011 4 115 160 17
2011 5 116 244 31
2011 6 117 344 27
2011 7 118 290 22
2011 8 119 132 18
2011 9 120 169 19
2011 10 121 155 19
2011 11 122 203 19
2011 12 123 233 37
2012 1 124 393 39
2012 2 125 414 54
2012 3 126 380 27
2012 4 127 412 14
2012 5 128 296 34
2012 6 129 237 20
2012 7 130 431 39
2012 8 131 395 24
2012 9 132 403 22
2012 10 133 223 25
2012 11 134 267 19
2012 12 135 347 40
2013 1 136 490 30
2013 2 137 265 34
2013 3 138 327 34
2013 4 139 219 24
2013 5 140 149 16
2013 6 141 161 15
2013 7 142 241 14
2013 8 143 164 12
2013 9 144 231 20
2013 10 145 190 27
2013 11 146 260 36
2013 12 147 133 16
2014 1 148 162 13
2014 2 149 243 29
2014 3 150 297 34
2014 4 151 215 37
2014 5 152 273 32
2014 6 153 177 20
2014 7 154 179 20
2014 8 155 221 25
2014 9 156 264 21
2014 10 157 221 24
2014 11 158 202 24
2014 12 159 210 31
2015 1 160 284 29
2015 2 161 229 23
2015 3 162 202 34
2015 4 163 345 36
2015 5 164 185 23
2015 6 165 228 23
2015 7 166 167 16
2015 8 167 209 23
2015 9 168 129 17
2015 10 169 142 17
2015 11 170 160 22
2015 12 171 176 15
2016 1 172 235 19
2016 2 173 291 43
2016 3 174 300 18
2016 4 175 297 15
2016 5 176 227 24
2016 6 177 179 22
2016 7 178 148 17
2016 8 179 138 21
2016 9 180 150 20
2016 10 181 205 24
2016 11 182 160 8
2016 12 183 136 12
