2008 1 0 2 0
2008 2 1 7 0
2008 3 2 9 1
2008 4 3 30 0
2008 5 4 29 1
2008 6 5 10 3
2008 7 6 9 1
2008 8 7 54 2
2008 9 8 23 0
2008 10 9 29 0
2008 11 10 29 1
2008 12 11 5 1
2009 1 12 23 1
2009 2 13 75 1
2009 3 14 32 4
2009 4 15 26 3
2009 5 16 16 0
2009 6 17 86 1
2009 7 18 44 1
2009 8 19 40 5
2009 9 20 31 2
2009 10 21 79 3
2009 11 22 101 14
2009 12 23 65 5
2010 1 24 92 9
2010 2 25 118 15
2010 3 26 68 4
2010 4 27 80 3
2010 5 28 63 6
2010 6 29 37 6
2010 7 30 54 10
2010 8 31 90 8
2010 9 32 137 15
2010 10 33 84 3
2010 11 34 31 5
2010 12 35 11 1
2011 1 36 42 4
2011 2 37 22 2
2011 3 38 32 7
2011 4 39 69 6
2011 5 40 37 0
2011 6 41 63 3
2011 7 42 32 3
2011 8 43 15 0
2011 9 44 46 4
2011 10 45 38 2
2011 11 46 85 4
2011 12 47 50 4
2012 1 48 13 0
2012 2 49 35 3
2012 3 50 18 0
2012 4 51 10 1
2012 5 52 29 3
2012 6 53 63 1
2012 7 54 9 0
2012 8 55 9 2
2012 9 56 15 0
2012 10 57 21 1
2012 11 58 12 0
2012 12 59 4 0
2013 1 60 16 0
2013 2 61 5 0
2013 3 62 52 5
2013 4 63 20 2
2013 5 64 32 2
2013 6 65 99 3
2013 7 66 47 2
2013 8 67 18 0
2013 9 68 31 0
2013 10 69 8 0
2013 11 70 36 1
2013 12 71 42 1
2014 1 72 58 2
2014 2 73 14 0
2014 3 74 39 2
2014 4 75 45 0
2014 5 76 30 1
2014 6 77 29 0
2014 7 78 18 0
2014 8 79 26 0
2014 9 80 4 0
2014 10 81 6 0
2014 11 82 3 0
2014 12 83 4 0
2015 1 84 2 0
2015 2 85 5 0
2015 3 86 29 1
2015 4 87 103 6
2015 5 88 4 0
2015 6 89 6 0
2015 7 90 4 0
2015 8 91 30 0
2015 9 92 32 0
2015 10 93 22 0
2015 11 94 31 1
2016 1 96 1 0
2016 3 98 73 0
2016 4 99 64 0
2016 5 100 16 0
2016 6 101 85 0
2016 8 103 8 0
2016 9 104 8 0
2016 10 105 10 1
2016 12 107 2 0
