2008 8 0 161 27
2008 9 1 175 23
2008 10 2 20 6
2008 11 3 105 34
2008 12 4 83 9
2009 1 5 95 33
2009 2 6 219 51
2009 3 7 136 20
2009 4 8 147 18
2009 5 9 33 5
2009 6 10 207 29
2009 7 11 73 10
2009 8 12 40 3
2009 9 13 52 3
2009 10 14 82 11
2009 11 15 55 9
2009 12 16 42 10
2010 1 17 120 14
2010 2 18 88 17
2010 3 19 26 3
2010 4 20 24 2
2010 5 21 34 1
2010 6 22 39 5
2010 7 23 4 0
2010 8 24 12 2
2010 9 25 1 0
2010 10 26 10 2
2010 11 27 8 3
2011 1 29 19 3
2011 2 30 16 3
2011 3 31 10 4
2011 4 32 17 6
2011 5 33 9 4
2011 6 34 2 0
2011 7 35 3 0
2011 8 36 32 3
2011 9 37 2 2
2011 10 38 54 12
2011 11 39 104 22
2011 12 40 104 16
2012 1 41 39 10
2012 2 42 76 17
2012 3 43 108 31
2012 4 44 116 20
2012 5 45 285 75
2012 6 46 239 69
2012 7 47 158 25
2012 8 48 134 29
2012 9 49 85 14
2012 10 50 66 9
2012 11 51 110 11
2012 12 52 141 23
2013 1 53 165 29
2013 2 54 230 25
2013 3 55 162 28
2013 4 56 128 19
2013 5 57 83 13
2013 6 58 147 17
2013 7 59 256 35
2013 8 60 82 12
2013 9 61 39 4
2013 10 62 48 7
2013 11 63 55 6
2013 12 64 62 10
2014 1 65 69 6
2014 2 66 164 28
2014 3 67 66 14
2014 4 68 52 15
2014 5 69 62 6
2014 6 70 94 21
2014 7 71 78 18
2014 8 72 73 10
2014 9 73 20 4
2014 10 74 50 6
2014 11 75 27 1
2014 12 76 85 17
2015 1 77 37 3
2015 2 78 54 13
2015 3 79 49 4
2015 4 80 80 16
2015 5 81 78 17
2015 6 82 44 7
2015 7 83 48 9
2015 8 84 79 19
2015 9 85 56 6
2015 10 86 61 9
2015 11 87 52 14
2015 12 88 61 8
2016 1 89 69 8
2016 2 90 68 11
2016 3 91 89 18
2016 4 92 74 14
2016 5 93 88 20
2016 6 94 87 20
2016 7 95 77 25
2016 8 96 89 14
2016 9 97 55 10
2016 10 98 27 7
2016 11 99 52 14
2016 12 100 50 15
