2006 3 0 19 2
2006 4 1 47 11
2006 5 2 30 7
2006 6 3 31 13
2006 7 4 44 13
2006 8 5 46 11
2006 9 6 83 11
2006 10 7 122 15
2006 11 8 74 4
2006 12 9 48 6
2007 1 10 60 4
2007 2 11 36 8
2007 3 12 91 16
2007 4 13 114 12
2007 5 14 115 10
2007 6 15 54 7
2007 7 16 52 1
2007 8 17 110 12
2007 9 18 45 1
2007 10 19 85 3
2007 11 20 28 1
2007 12 21 35 5
2008 1 22 60 2
2008 2 23 46 13
2008 3 24 31 2
2008 4 25 64 4
2008 5 26 48 6
2008 6 27 21 1
2008 7 28 33 2
2008 8 29 31 1
2008 9 30 75 8
2008 10 31 70 11
2008 11 32 154 24
2008 12 33 114 31
2009 1 34 69 10
2009 2 35 35 4
2009 3 36 70 2
2009 4 37 102 16
2009 5 38 63 8
2009 6 39 159 25
2009 7 40 177 27
2009 8 41 71 13
2009 9 42 96 7
2009 10 43 81 6
2009 11 44 266 33
2009 12 45 165 18
2010 1 46 181 13
2010 2 47 179 10
2010 3 48 201 27
2010 4 49 162 15
2010 5 50 219 22
2010 6 51 123 7
2010 7 52 151 23
2010 8 53 114 2
2010 9 54 185 15
2010 10 55 223 26
2010 11 56 196 23
2010 12 57 185 28
2011 1 58 229 20
2011 2 59 149 9
2011 3 60 222 9
2011 4 61 89 10
2011 5 62 109 8
2011 6 63 257 23
2011 7 64 228 23
2011 8 65 115 4
2011 9 66 150 16
2011 10 67 193 24
2011 11 68 140 23
2011 12 69 88 16
2012 1 70 150 9
2012 2 71 217 15
2012 3 72 169 27
2012 4 73 29 4
2012 5 74 76 7
2012 6 75 171 12
2012 7 76 183 29
2012 8 77 184 20
2012 9 78 106 25
2012 10 79 118 9
2012 11 80 152 30
2012 12 81 145 21
2013 1 82 219 35
2013 2 83 203 36
2013 3 84 285 30
2013 4 85 85 13
2013 5 86 201 29
2013 6 87 231 20
2013 7 88 320 14
2013 8 89 198 24
2013 9 90 205 26
2013 10 91 198 21
2013 11 92 267 22
2013 12 93 110 11
2014 1 94 211 16
2014 2 95 106 0
2014 3 96 202 25
2014 4 97 148 19
2014 5 98 161 15
2014 6 99 174 20
2014 7 100 103 10
2014 8 101 168 17
2014 9 102 270 14
2014 10 103 259 9
2014 11 104 219 26
2014 12 105 208 20
2015 1 106 249 40
2015 2 107 232 28
2015 3 108 145 10
2015 4 109 134 9
2015 5 110 196 28
2015 6 111 302 48
2015 7 112 103 5
2015 8 113 132 13
2015 9 114 247 65
2015 10 115 220 25
2015 11 116 230 12
2015 12 117 144 13
2016 1 118 266 27
2016 2 119 148 12
2016 3 120 134 10
2016 4 121 133 24
2016 5 122 107 9
2016 6 123 119 17
2016 7 124 46 4
2016 8 125 187 11
2016 9 126 85 10
2016 10 127 138 17
2016 11 128 96 13
2016 12 129 125 13
